Date,AAPL,AMZN,FB,GOOG,NFLX
2015-01-02,24.74599266052246,308.5199890136719,78.44999694824219,523.3731079101562,49.84857177734375
2015-01-05,24.048864364624023,302.19000244140625,77.19000244140625,512.4630126953125,47.31142807006836
2015-01-06,24.051122665405273,295.2900085449219,76.1500015258789,500.58563232421875,46.50143051147461
2015-01-07,24.38837432861328,298.4200134277344,76.1500015258789,499.7279968261719,46.74285888671875
2015-01-08,25.32542610168457,300.4599914550781,78.18000030517578,501.3036804199219,47.779998779296875
2015-01-09,25.35259246826172,296.92999267578125,77.73999786376953,494.8114929199219,47.04142761230469
2015-01-12,24.727888107299805,291.4100036621094,76.72000122070312,491.201416015625,45.547142028808594
2015-01-13,24.947446823120117,294.739990234375,76.44999694824219,494.82147216796875,46.255714416503906
2015-01-14,24.85237693786621,293.2699890136719,76.27999877929688,499.4986267089844,46.31999969482422
2015-01-15,24.17787742614746,286.95001220703125,74.05000305175781,500.4161071777344,46.25143051147461
2015-01-16,23.990013122558594,290.739990234375,75.18000030517578,506.6888732910156,48.191429138183594
2015-01-20,24.607927322387695,289.44000244140625,76.23999786376953,505.5121154785156,49.82857131958008
2015-01-21,24.795793533325195,297.25,76.73999786376953,516.6216430664062,58.468570709228516
2015-01-22,25.440868377685547,310.32000732421875,77.6500015258789,532.9268188476562,61.20571517944336
2015-01-23,25.572145462036133,312.3900146484375,77.83000183105469,538.4716186523438,62.494285583496094
2015-01-26,25.599308013916016,309.6600036621094,77.5,533.74462890625,63.79428482055664
2015-01-27,24.70298957824707,306.75,75.77999877929688,517.2100219726562,64.88143157958984
2015-01-28,26.099523544311523,303.9100036621094,76.23999786376953,508.6036376953125,63.20857238769531
2015-01-29,26.91209602355957,311.7799987792969,78.0,509.2618103027344,63.400001525878906
2015-01-30,26.518259048461914,354.5299987792969,75.91000366210938,533.0565185546875,63.11428451538086
2015-02-02,26.850975036621094,364.4700012207031,74.98999786376953,527.0330200195312,63.0099983215332
2015-02-03,26.85550308227539,363.54998779296875,75.4000015258789,527.7909545898438,65.27428436279297
2015-02-04,27.061479568481445,364.75,75.62999725341797,521.3286743164062,64.10143280029297
2015-02-05,27.254619598388672,373.8900146484375,75.61000061035156,526.135498046875,64.12999725341797
2015-02-06,27.025123596191406,374.2799987792969,74.47000122070312,529.546142578125,63.47999954223633
2015-02-09,27.204635620117188,370.55999755859375,74.44000244140625,526.3848266601562,63.29571533203125
2015-02-10,27.727279663085938,373.0,75.19000244140625,535.4698486328125,64.8499984741211
2015-02-11,28.377172470092773,375.1400146484375,76.51000213623047,534.5025024414062,64.98428344726562
2015-02-12,28.7362060546875,377.1700134277344,76.2300033569336,541.4434814453125,65.24714660644531
2015-02-13,28.87708854675293,381.8299865722656,75.73999786376953,547.5068359375,66.5857162475586
2015-02-17,29.047517776489258,375.42999267578125,75.5999984741211,541.3536987304688,67.13714599609375
2015-02-18,29.249759674072266,373.3699951171875,76.70999908447266,538.2222900390625,67.86571502685547
2015-02-19,29.188398361206055,379.0,79.41999816894531,541.3836059570312,67.80000305175781
2015-02-20,29.4269962310791,383.6600036621094,79.9000015258789,537.474365234375,68.31428527832031
2015-02-23,30.222326278686523,380.1400146484375,78.83999633789062,530.45361328125,67.40571594238281
2015-02-24,30.033721923828125,378.5899963378906,78.44999694824219,534.6221923828125,67.83999633789062
2015-02-25,29.26566505432129,385.3699951171875,79.55999755859375,542.3809204101562,68.33285522460938
2015-02-26,29.636051177978516,384.79998779296875,80.41000366210938,553.9591064453125,69.00428771972656
2015-02-27,29.1906795501709,380.1600036621094,78.97000122070312,556.87109375,67.84428405761719
2015-03-02,29.333837509155273,385.6600036621094,79.75,569.7756958007812,68.60713958740234
2015-03-03,29.395187377929688,384.6099853515625,79.5999984741211,572.0693969726562,67.81571197509766
2015-03-04,29.208850860595703,382.7200012207031,80.9000015258789,571.8001098632812,67.11000061035156
2015-03-05,28.724843978881836,387.8299865722656,81.20999908447266,573.7547607421875,66.80714416503906
2015-03-06,28.768020629882812,380.0899963378906,80.01000213623047,566.1306762695312,64.87428283691406
2015-03-09,28.89072608947754,378.55999755859375,79.44000244140625,567.29248046875,63.66143035888672
2015-03-10,28.293088912963867,369.510009765625,77.55000305175781,553.4904174804688,62.15142822265625
2015-03-11,27.777271270751953,366.3699951171875,77.56999969482422,549.6708984375,62.88428497314453
2015-03-12,28.279455184936523,374.239990234375,78.93000030517578,553.989013671875,64.04571533203125
2015-03-13,28.084041595458984,370.5799865722656,78.05000305175781,545.8214721679688,62.628570556640625
2015-03-16,28.39307975769043,373.3500061035156,78.06999969482422,552.9917602539062,60.281429290771484
2015-03-17,28.868000030517578,371.9200134277344,79.36000061035156,549.331787109375,59.788570404052734
2015-03-18,29.192947387695312,375.1400146484375,80.91000366210938,557.9680786132812,60.44571304321289
2015-03-19,28.972524642944336,373.239990234375,82.75,556.4622192382812,60.744285583496094
2015-03-20,28.60895347595215,378.489990234375,83.80000305175781,558.8257446289062,61.18571472167969
2015-03-23,28.906631469726562,375.1099853515625,84.43000030517578,557.2799682617188,60.71428680419922
2015-03-24,28.788469314575195,374.0899963378906,85.30999755859375,568.6288452148438,62.611427307128906
2015-03-25,28.036319732666016,370.9599914550781,82.91999816894531,557.2550659179688,60.25
2015-03-26,28.23174285888672,367.3500061035156,83.01000213623047,553.6499633789062,59.75143051147461
2015-03-27,28.006771087646484,370.55999755859375,83.30000305175781,546.8386840820312,59.25285720825195
2015-03-30,28.715757369995117,374.5899963378906,83.19999694824219,550.5185546875,60.36714172363281
2015-03-31,28.274919509887695,372.1000061035156,82.22000122070312,546.4995727539062,59.52714157104492
2015-04-01,28.234010696411133,370.260009765625,81.66999816894531,541.074462890625,59.01714324951172
2015-04-02,28.477157592773438,372.25,81.55999755859375,534.063720703125,59.1542854309082
2015-04-06,28.938447952270508,377.0400085449219,82.44000244140625,535.2953491210938,60.33000183105469
2015-04-07,28.63395118713379,374.4100036621094,82.31999969482422,535.5496215820312,60.494285583496094
2015-04-08,28.540782928466797,381.20001220703125,82.27999877929688,540.1270751953125,63.04999923706055
2015-04-09,28.75892448425293,383.5400085449219,82.16999816894531,539.2993774414062,62.78571319580078
2015-04-10,28.881629943847656,382.6499938964844,82.04000091552734,538.5314331054688,64.93856811523438
2015-04-13,28.824827194213867,382.3599853515625,83.01000213623047,537.6937866210938,67.81143188476562
2015-04-14,28.699844360351562,385.1099853515625,83.5199966430664,528.9378051757812,68.38714599609375
2015-04-15,28.80891990661621,383.45001220703125,82.70999908447266,531.0719604492188,67.92285919189453
2015-04-16,28.670305252075195,386.0400085449219,82.30999755859375,532.3384399414062,80.29285430908203
2015-04-17,28.347631454467773,375.55999755859375,80.77999877929688,522.6151733398438,81.6500015258789
2015-04-20,28.99524688720703,389.510009765625,83.08999633789062,533.9141235351562,81.05571746826172
2015-04-21,28.838459014892578,391.17999267578125,83.62000274658203,532.5079956054688,80.06285858154297
2015-04-22,29.22702980041504,389.79998779296875,84.62999725341797,537.8882446289062,79.66857147216797
2015-04-23,29.465625762939453,389.989990234375,82.41000366210938,545.5023193359375,79.86571502685547
2015-04-24,29.6042423248291,445.1000061035156,81.52999877929688,563.5128784179688,79.77143096923828
2015-04-27,30.142789840698242,438.55999755859375,81.91000366210938,555.3699951171875,80.86856842041016
2015-04-28,29.667863845825195,429.30999755859375,80.68000030517578,553.6799926757812,80.43714141845703
2015-04-29,29.231576919555664,429.3699951171875,80.47000122070312,549.0800170898438,80.40714263916016
2015-04-30,28.438528060913086,421.7799987792969,78.7699966430664,537.3400268554688,79.5
2015-05-01,29.30201530456543,422.8699951171875,78.98999786376953,537.9000244140625,79.57571411132812
2015-05-04,29.24521255493164,423.0400085449219,78.80999755859375,540.780029296875,79.27143096923828
2015-05-05,28.586233139038086,421.19000244140625,77.55999755859375,530.7999877929688,80.79285430908203
2015-05-06,28.406709671020508,419.1000061035156,78.0999984741211,524.219970703125,80.07714080810547
2015-05-07,28.58241844177246,426.8800048828125,78.43000030517578,530.7000122070312,80.74857330322266
2015-05-08,29.120933532714844,433.69000244140625,78.51000213623047,538.219970703125,82.0857162475586
2015-05-11,28.82429313659668,432.8500061035156,78.01000213623047,535.7000122070312,84.27857208251953
2015-05-12,28.721603393554688,431.0199890136719,77.45999908447266,529.0399780273438,83.37714385986328
2015-05-13,28.753555297851562,426.8699951171875,78.44000244140625,529.6199951171875,82.87285614013672
2015-05-14,29.424421310424805,432.2799987792969,81.37000274658203,538.4000244140625,83.8357162475586
2015-05-15,29.38334083557129,426.0,80.41999816894531,533.8499755859375,87.60713958740234
2015-05-18,29.707366943359375,425.239990234375,80.87999725341797,532.2999877929688,88.26714324951172
2015-05-19,29.67997932434082,421.7099914550781,80.62999725341797,537.3599853515625,88.06857299804688
2015-05-20,29.677701950073242,423.8599853515625,80.55000305175781,539.27001953125,88.79000091552734
2015-05-21,29.981184005737305,431.6300048828125,80.4800033569336,542.510009765625,89.00285339355469
2015-05-22,30.243595123291016,427.6300048828125,80.54000091552734,540.1099853515625,88.83856964111328
2015-05-26,29.577301025390625,425.4700012207031,79.33000183105469,532.3200073242188,87.99285888671875
2015-05-27,30.129507064819336,431.4200134277344,80.55000305175781,539.7899780273438,89.85713958740234
2015-05-28,30.070178985595703,426.57000732421875,80.1500015258789,539.780029296875,89.50714111328125
2015-05-29,29.727895736694336,429.2300109863281,79.19000244140625,532.1099853515625,89.15142822265625
2015-06-01,29.787229537963867,430.9200134277344,80.29000091552734,533.989990234375,89.00285339355469
2015-06-02,29.654882431030273,430.989990234375,80.44000244140625,539.1799926757812,89.12999725341797
2015-06-03,29.69138526916504,436.5899963378906,82.44000244140625,540.3099975585938,88.8085708618164
2015-06-04,29.51797103881836,430.7799987792969,82.05000305175781,536.7000122070312,89.34857177734375
2015-06-05,29.355958938598633,426.95001220703125,82.13999938964844,533.3300170898438,90.45999908447266
2015-06-08,29.161998748779297,423.5,80.66999816894531,526.8300170898438,89.60428619384766
2015-06-09,29.075294494628906,425.4800109863281,80.66999816894531,526.6900024414062,92.44999694824219
2015-06-10,29.4084415435791,430.7699890136719,82.16000366210938,536.6900024414062,95.87142944335938
2015-06-11,29.342269897460938,432.9700012207031,81.83000183105469,534.6099853515625,95.09428405761719
2015-06-12,29.01824378967285,429.9200134277344,81.52999877929688,532.3300170898438,94.41857147216797
2015-06-15,28.961204528808594,423.6700134277344,80.70999908447266,527.2000122070312,93.43142700195312
2015-06-16,29.116361618041992,427.260009765625,81.05999755859375,528.1500244140625,95.27285766601562
2015-06-17,29.04791259765625,427.80999755859375,81.79000091552734,529.260009765625,94.27143096923828
2015-06-18,29.180259704589844,439.3900146484375,82.91000366210938,536.72998046875,94.74285888671875
2015-06-19,28.888187408447266,434.9200134277344,82.51000213623047,536.6900024414062,93.87142944335938
2015-06-22,29.118650436401367,436.2900085449219,84.73999786376953,538.1900024414062,96.4142837524414
2015-06-23,28.986297607421875,445.989990234375,87.87999725341797,540.47998046875,97.31285858154297
2015-06-24,29.23274040222168,440.8399963378906,88.86000061035156,537.8400268554688,96.94428253173828
2015-06-25,29.09354591369629,440.1000061035156,87.9800033569336,535.22998046875,94.89142608642578
2015-06-26,28.92241096496582,438.1000061035156,88.01000213623047,531.6900024414062,93.08856964111328
2015-06-29,28.41584014892578,429.8599853515625,85.80000305175781,521.52001953125,92.23143005371094
2015-06-30,28.621204376220703,434.0899963378906,85.7699966430664,520.510009765625,93.84857177734375
2015-07-01,28.888187408447266,437.3900146484375,86.91000366210938,521.8400268554688,93.63571166992188
2015-07-02,28.851673126220703,437.7099914550781,87.29000091552734,523.4000244140625,94.0442886352539
2015-07-06,28.751270294189453,436.0400085449219,87.55000305175781,522.8599853515625,94.57142639160156
2015-07-07,28.6805362701416,436.7200012207031,87.22000122070312,525.02001953125,94.0914306640625
2015-07-08,27.968595504760742,429.70001220703125,85.6500015258789,516.8300170898438,93.50714111328125
2015-07-09,27.398136138916016,434.3900146484375,85.87999725341797,520.6799926757812,95.72714233398438
2015-07-10,28.130611419677734,443.510009765625,87.94999694824219,530.1300048828125,97.22856903076172
2015-07-13,28.673686981201172,455.57000732421875,90.0999984741211,546.5499877929688,101.08714294433594
2015-07-14,28.662275314331055,465.57000732421875,89.68000030517578,561.0999755859375,100.37142944335938
2015-07-15,28.938379287719727,461.19000244140625,89.76000213623047,560.219970703125,98.12999725341797
2015-07-16,29.324012756347656,475.4800109863281,90.8499984741211,579.8499755859375,115.80999755859375
2015-07-17,29.577301025390625,483.010009765625,94.97000122070312,672.9299926757812,114.7699966430664
2015-07-20,30.1363525390625,488.1000061035156,97.91000366210938,663.02001953125,110.55000305175781
2015-07-21,29.835147857666016,488.0,98.38999938964844,662.2999877929688,112.51000213623047
2015-07-22,28.573287963867188,488.2699890136719,97.04000091552734,662.0999755859375,111.5
2015-07-23,28.559598922729492,482.17999267578125,95.44000244140625,644.280029296875,110.0999984741211
2015-07-24,28.40898895263672,529.4199829101562,96.94999694824219,623.5599975585938,109.33999633789062
2015-07-27,28.014236450195312,531.4099731445312,94.16999816894531,627.260009765625,106.43000030517578
2015-07-28,28.153430938720703,526.030029296875,95.29000091552734,628.0,106.9000015258789
2015-07-29,28.064434051513672,529.0,96.98999786376953,631.9299926757812,107.08000183105469
2015-07-30,27.922958374023438,536.760009765625,95.20999908447266,632.5900268554688,111.55999755859375
2015-07-31,27.678800582885742,536.1500244140625,94.01000213623047,625.6099853515625,114.30999755859375
2015-08-03,27.026195526123047,535.030029296875,94.13999938964844,631.2100219726562,112.55999755859375
2015-08-04,26.159095764160156,531.9000244140625,94.05999755859375,629.25,121.1500015258789
2015-08-05,26.332515716552734,537.010009765625,96.44000244140625,643.780029296875,123.70999908447266
2015-08-06,26.389820098876953,529.4600219726562,95.12000274658203,642.6799926757812,126.44999694824219
2015-08-07,26.479211807250977,522.6199951171875,94.30000305175781,635.2999877929688,123.5199966430664
2015-08-10,27.44192886352539,524.0,94.1500015258789,633.72998046875,123.02999877929688
2015-08-11,26.013900756835938,527.4600219726562,93.62000274658203,660.780029296875,122.73999786376953
2015-08-12,26.41503143310547,525.9099731445312,94.19000244140625,659.5599975585938,120.51000213623047
2015-08-13,26.3944034576416,529.6599731445312,93.43000030517578,656.4500122070312,123.7300033569336
2015-08-14,26.580066680908203,531.52001953125,94.41999816894531,657.1199951171875,123.38999938964844
2015-08-17,26.855127334594727,535.219970703125,93.93000030517578,660.8699951171875,125.36000061035156
2015-08-18,26.70384979248047,535.02001953125,95.16999816894531,656.1300048828125,124.05000305175781
2015-08-19,26.362308502197266,532.9199829101562,95.30999755859375,660.9000244140625,122.05999755859375
2015-08-20,25.82135772705078,515.780029296875,90.55999755859375,646.8300170898438,112.48999786376953
2015-08-21,24.24205207824707,494.4700012207031,86.05999755859375,612.47998046875,103.95999908447266
2015-08-24,23.636913299560547,463.3699951171875,82.08999633789062,589.6099853515625,96.87999725341797
2015-08-25,23.779029846191406,466.3699951171875,83.0,582.0599975585938,101.5199966430664
2015-08-26,25.14287757873535,500.7699890136719,87.19000244140625,628.6199951171875,110.12999725341797
2015-08-27,25.883251190185547,518.3699951171875,89.7300033569336,637.6099853515625,117.66000366210938
2015-08-28,25.968059539794922,518.010009765625,91.01000213623047,630.3800048828125,117.62999725341797
2015-08-31,25.846574783325195,512.8900146484375,89.43000030517578,618.25,115.02999877929688
2015-09-01,24.691320419311523,496.5400085449219,87.2300033569336,597.7899780273438,105.79000091552734
2015-09-02,25.750301361083984,510.54998779296875,89.88999938964844,614.3400268554688,105.44000244140625
2015-09-03,25.29874610900879,504.7200012207031,88.1500015258789,606.25,101.05999755859375
2015-09-04,25.046598434448242,499.0,88.26000213623047,600.7000122070312,98.79000091552734
2015-09-08,25.743425369262695,517.5399780273438,89.52999877929688,614.6599731445312,94.94999694824219
2015-09-09,25.24831771850586,516.8900146484375,90.44000244140625,612.719970703125,99.18000030517578
2015-09-10,25.80302619934082,522.239990234375,91.9800033569336,621.3499755859375,99.4800033569336
2015-09-11,26.178937911987305,529.4400024414062,92.05000305175781,625.77001953125,97.51000213623047
2015-09-14,26.43107795715332,521.3800048828125,92.30999755859375,623.239990234375,95.69000244140625
2015-09-15,26.653417587280273,522.3699951171875,92.9000015258789,635.1400146484375,99.16000366210938
2015-09-16,26.683218002319336,527.3900146484375,93.44999694824219,635.97998046875,104.08000183105469
2015-09-17,26.112462997436523,538.8699951171875,94.33999633789062,642.9000244140625,104.20999908447266
2015-09-18,26.00473403930664,540.260009765625,94.4000015258789,629.25,102.62000274658203
2015-09-21,26.408153533935547,548.3900146484375,95.55000305175781,635.4400024414062,100.30000305175781
2015-09-22,25.993270874023438,538.4000244140625,92.95999908447266,622.6900024414062,98.47000122070312
2015-09-23,26.204153060913086,536.0700073242188,93.97000122070312,622.3599853515625,98.06999969482422
2015-09-24,26.36001968383789,533.75,94.41000366210938,625.7999877929688,103.76000213623047
2015-09-25,26.29354476928711,524.25,92.7699966430664,611.969970703125,102.23999786376953
2015-09-28,25.773221969604492,504.05999755859375,89.20999908447266,594.8900146484375,99.47000122070312
2015-09-29,24.99846649169922,496.07000732421875,86.66999816894531,594.969970703125,98.3499984741211
2015-09-30,25.282697677612305,511.8900146484375,89.9000015258789,608.4199829101562,103.26000213623047
2015-10-01,25.117666244506836,520.719970703125,90.94999694824219,611.2899780273438,105.9800033569336
2015-10-02,25.301034927368164,532.5399780273438,92.06999969482422,626.9099731445312,106.11000061035156
2015-10-05,25.392719268798828,543.6799926757812,94.01000213623047,641.469970703125,111.25
2015-10-06,25.514204025268555,537.47998046875,92.80000305175781,645.4400024414062,108.33000183105469
2015-10-07,25.392719268798828,541.9400024414062,92.4000015258789,642.3599853515625,108.0999984741211
2015-10-08,25.099323272705078,533.1599731445312,92.47000122070312,639.1599731445312,114.93000030517578
2015-10-09,25.699872970581055,539.7999877929688,93.23999786376953,643.6099853515625,113.33000183105469
2015-10-12,25.580678939819336,550.1900024414062,94.26000213623047,646.6699829101562,113.44999694824219
2015-10-13,25.62423324584961,548.9000244140625,94.12000274658203,652.2999877929688,109.7300033569336
2015-10-14,25.262067794799805,544.8300170898438,94.06999969482422,651.1599731445312,110.2300033569336
2015-10-15,25.640274047851562,562.4400024414062,95.95999908447266,661.739990234375,101.08999633789062
2015-10-16,25.452316284179688,570.760009765625,97.54000091552734,662.2000122070312,98.98999786376953
2015-10-19,25.610477447509766,573.1500244140625,98.47000122070312,666.0999755859375,101.69000244140625
2015-10-20,26.078081130981445,560.8800048828125,97.0,650.280029296875,98.98999786376953
2015-10-21,26.07578468322754,555.77001953125,97.11000061035156,642.6099853515625,97.95999908447266
2015-10-22,26.474624633789062,563.9099731445312,99.66999816894531,651.7899780273438,97.31999969482422
2015-10-23,27.295230865478516,599.030029296875,102.19000244140625,702.0,100.04000091552734
2015-10-26,26.424205780029297,608.6099853515625,103.7699966430664,712.780029296875,103.04000091552734
2015-10-27,26.256874084472656,611.010009765625,103.69999694824219,708.489990234375,103.06999969482422
2015-10-28,27.338775634765625,617.0999755859375,104.19999694824219,712.9500122070312,105.80000305175781
2015-10-29,27.627595901489258,626.5499877929688,104.87999725341797,716.9199829101562,105.12000274658203
2015-10-30,27.39150047302246,625.9000244140625,101.97000122070312,710.8099975585938,108.37999725341797
2015-11-02,27.776586532592773,628.3499755859375,103.30999755859375,721.1099853515625,107.63999938964844
2015-11-03,28.095195770263672,625.3099975585938,102.58000183105469,722.1599731445312,109.73999786376953
2015-11-04,27.96453857421875,640.9500122070312,103.94000244140625,728.1099853515625,114.05000305175781
2015-11-05,27.83562660217285,655.6500244140625,108.76000213623047,731.25,113.5
2015-11-06,27.86785888671875,659.3699951171875,107.0999984741211,733.760009765625,114.05999755859375
2015-11-09,27.755064010620117,655.489990234375,106.48999786376953,724.8900146484375,109.86000061035156
2015-11-10,26.880306243896484,659.6799926757812,107.91000366210938,728.3200073242188,112.69999694824219
2015-11-11,26.728374481201172,673.25,109.01000213623047,735.4000244140625,112.86000061035156
2015-11-12,26.638599395751953,665.5999755859375,108.0199966430664,731.22998046875,108.91999816894531
2015-11-13,25.860523223876953,642.3499755859375,103.94999694824219,717.0,103.6500015258789
2015-11-16,26.284090042114258,647.8099975585938,104.04000091552734,728.9600219726562,111.3499984741211
2015-11-17,26.171295166015625,643.2999877929688,105.12999725341797,725.2999877929688,117.0999984741211
2015-11-18,27.00000762939453,663.5399780273438,107.7699966430664,740.0,120.62999725341797
2015-11-19,27.34300422668457,661.27001953125,106.26000213623047,738.4099731445312,120.22000122070312
2015-11-20,27.46270751953125,668.4500122070312,107.31999969482422,756.5999755859375,123.83999633789062
2015-11-23,27.105899810791016,678.989990234375,106.94999694824219,755.97998046875,125.02999877929688
2015-11-24,27.36602783203125,671.1500244140625,105.73999786376953,748.280029296875,123.30999755859375
2015-11-25,27.170358657836914,675.3400268554688,105.41000366210938,748.1500244140625,124.16000366210938
2015-11-27,27.119707107543945,673.260009765625,105.44999694824219,750.260009765625,125.44000244140625
2015-11-30,27.232511520385742,664.7999877929688,104.23999786376953,742.5999755859375,123.33000183105469
2015-12-01,27.011518478393555,679.0599975585938,107.12000274658203,767.0399780273438,125.37000274658203
2015-12-02,26.767505645751953,676.010009765625,106.06999969482422,762.3800048828125,128.92999267578125
2015-12-03,26.518890380859375,666.25,104.37999725341797,752.5399780273438,126.80999755859375
2015-12-04,27.400554656982422,672.6400146484375,106.18000030517578,766.8099975585938,130.92999267578125
2015-12-07,27.227907180786133,669.8300170898438,105.61000061035156,763.25,125.36000061035156
2015-12-08,27.21639633178711,677.3300170898438,106.48999786376953,762.3699951171875,126.9800033569336
2015-12-09,26.615577697753906,664.7899780273438,104.5999984741211,751.6099853515625,124.19999694824219
2015-12-10,26.742185592651367,662.3200073242188,105.41999816894531,749.4600219726562,122.91000366210938
2015-12-11,26.053890228271484,640.1500244140625,102.12000274658203,738.8699951171875,118.91000366210938
2015-12-14,25.892751693725586,657.9099731445312,104.66000366210938,747.77001953125,120.66999816894531
2015-12-15,25.434659957885742,658.6400146484375,104.55000305175781,743.4000244140625,118.5999984741211
2015-12-16,25.630327224731445,675.77001953125,106.79000091552734,758.0900268554688,122.63999938964844
2015-12-17,25.08705711364746,670.6500244140625,106.22000122070312,749.4299926757812,122.51000213623047
2015-12-18,24.407970428466797,664.1400146484375,104.04000091552734,739.3099975585938,118.0199966430664
2015-12-21,24.707229614257812,664.510009765625,104.7699966430664,747.77001953125,116.62999725341797
2015-12-22,24.68421173095703,663.1500244140625,105.51000213623047,750.0,116.23999786376953
2015-12-23,25.00188446044922,663.7000122070312,104.62999725341797,750.3099975585938,118.16000366210938
2015-12-24,24.86836814880371,662.7899780273438,105.0199966430664,748.4000244140625,117.33000183105469
2015-12-28,24.589826583862305,675.2000122070312,105.93000030517578,762.510009765625,117.11000061035156
2015-12-29,25.03180694580078,693.969970703125,107.26000213623047,776.5999755859375,119.12000274658203
2015-12-30,24.704925537109375,689.0700073242188,106.22000122070312,771.0,116.70999908447266
2015-12-31,24.230714797973633,675.8900146484375,104.66000366210938,758.8800048828125,114.37999725341797
2016-01-04,24.251436233520508,636.989990234375,102.22000122070312,741.8400268554688,109.95999908447266
2016-01-05,23.643709182739258,633.7899780273438,102.7300033569336,742.5800170898438,107.66000366210938
2016-01-06,23.18100929260254,632.6500244140625,102.97000122070312,743.6199951171875,117.68000030517578
2016-01-07,22.202667236328125,607.9400024414062,97.91999816894531,726.3900146484375,114.55999755859375
2016-01-08,22.320068359375,607.0499877929688,97.33000183105469,714.469970703125,111.38999938964844
2016-01-11,22.681480407714844,617.739990234375,97.51000213623047,716.030029296875,114.97000122070312
2016-01-12,23.010665893554688,617.8900146484375,99.37000274658203,726.0700073242188,116.58000183105469
2016-01-13,22.41905403137207,581.8099975585938,95.44000244140625,700.5599975585938,106.55999755859375
2016-01-14,22.909374237060547,593.0,98.37000274658203,714.719970703125,107.05999755859375
2016-01-15,22.359201431274414,570.1799926757812,94.97000122070312,694.4500122070312,104.04000091552734
2016-01-19,22.25101089477539,574.47998046875,95.26000213623047,701.7899780273438,107.88999938964844
2016-01-20,22.28093719482422,571.77001953125,94.3499984741211,698.4500122070312,107.73999786376953
2016-01-21,22.168136596679688,575.02001953125,94.16000366210938,706.5900268554688,102.3499984741211
2016-01-22,23.34675407409668,596.3800048828125,97.94000244140625,725.25,100.72000122070312
2016-01-25,22.890962600708008,596.530029296875,97.01000213623047,711.6699829101562,99.12000274658203
2016-01-26,23.017566680908203,601.25,97.33999633789062,713.0399780273438,97.83000183105469
2016-01-27,21.505163192749023,583.3499755859375,94.44999694824219,699.989990234375,91.1500015258789
2016-01-28,21.659395217895508,635.3499755859375,109.11000061035156,730.9600219726562,94.41000366210938
2016-01-29,22.407546997070312,587.0,112.20999908447266,742.9500122070312,91.83999633789062
2016-02-01,22.19806480407715,574.8099975585938,115.08999633789062,752.0,94.08999633789062
2016-02-02,21.749177932739258,552.0999755859375,114.61000061035156,764.6500244140625,91.48999786376953
2016-02-03,22.179649353027344,531.0700073242188,112.69000244140625,726.9500122070312,90.73999786376953
2016-02-04,22.35786247253418,536.260009765625,110.48999786376953,708.010009765625,89.70999908447266
2016-02-05,21.76072883605957,502.1300048828125,104.06999969482422,683.5700073242188,82.79000091552734
2016-02-08,21.98986053466797,488.1000061035156,99.75,682.739990234375,83.31999969482422
2016-02-09,21.9852294921875,482.07000732421875,99.54000091552734,678.1099853515625,86.12999725341797
2016-02-10,21.818588256835938,490.4800109863281,101.0,684.1199951171875,88.44999694824219
2016-02-11,21.686662673950195,503.82000732421875,101.91000366210938,683.1099853515625,86.3499984741211
2016-02-12,21.7537841796875,507.0799865722656,102.01000213623047,682.4000244140625,87.4000015258789
2016-02-16,22.36712074279785,521.0999755859375,101.61000061035156,691.0,89.05000305175781
2016-02-17,22.70966339111328,534.0999755859375,105.19999694824219,708.4000244140625,94.76000213623047
2016-02-18,22.2791690826416,525.0,103.47000122070312,697.3499755859375,90.48999786376953
2016-02-19,22.228246688842773,534.9000244140625,104.56999969482422,700.9099731445312,89.2300033569336
2016-02-22,22.42266082763672,559.5,107.16000366210938,706.4600219726562,91.93000030517578
2016-02-23,21.915794372558594,552.9400024414062,105.45999908447266,695.8499755859375,89.12000274658203
2016-02-24,22.242136001586914,554.0399780273438,106.87999725341797,699.5599975585938,91.61000061035156
2016-02-25,22.3948917388916,555.1500244140625,108.06999969482422,705.75,94.52999877929688
2016-02-26,22.429615020751953,555.22998046875,107.91999816894531,705.0700073242188,94.79000091552734
2016-02-29,22.37868881225586,552.52001953125,106.91999816894531,697.77001953125,93.41000366210938
2016-03-01,23.267452239990234,579.0399780273438,109.81999969482422,718.8099975585938,98.30000305175781
2016-03-02,23.31837272644043,580.2100219726562,109.94999694824219,718.8499755859375,97.61000061035156
2016-03-03,23.491952896118164,577.489990234375,109.58000183105469,712.4199829101562,97.93000030517578
2016-03-04,23.841440200805664,575.1400146484375,108.38999938964844,710.8900146484375,101.58000183105469
2016-03-07,23.57759666442871,562.7999877929688,105.7300033569336,695.1599731445312,95.48999786376953
2016-03-08,23.3831729888916,560.260009765625,105.93000030517578,693.969970703125,96.2300033569336
2016-03-09,23.404006958007812,559.469970703125,107.51000213623047,705.239990234375,98.0
2016-03-10,23.41558074951172,558.9299926757812,107.31999969482422,712.8200073242188,97.36000061035156
2016-03-11,23.667856216430664,569.6099853515625,109.41000366210938,726.8200073242188,97.66000366210938
2016-03-14,23.72803497314453,573.3699951171875,109.88999938964844,730.489990234375,98.12999725341797
2016-03-15,24.20481300354004,577.02001953125,110.66999816894531,728.3300170898438,97.86000061035156
2016-03-16,24.526527404785156,574.27001953125,112.18000030517578,736.0900268554688,99.3499984741211
2016-03-17,24.4871826171875,559.4400024414062,111.0199966430664,737.780029296875,99.72000122070312
2016-03-18,24.51495933532715,552.0800170898438,111.44999694824219,737.5999755859375,101.12000274658203
2016-03-21,24.51264190673828,553.97998046875,111.8499984741211,742.0900268554688,101.05999755859375
2016-03-22,24.700119018554688,560.47998046875,112.25,740.75,99.83999633789062
2016-03-23,24.56355857849121,569.6300048828125,112.54000091552734,738.0599975585938,99.58999633789062
2016-03-24,24.457094192504883,582.9500122070312,113.05000305175781,735.2999877929688,98.36000061035156
2016-03-28,24.34600067138672,579.8699951171875,113.69000244140625,733.530029296875,101.20999908447266
2016-03-29,24.922304153442383,593.8599853515625,116.13999938964844,744.77001953125,104.12999725341797
2016-03-30,25.357423782348633,598.6900024414062,114.69999694824219,750.530029296875,102.19000244140625
2016-03-31,25.225502014160156,593.6400146484375,114.0999984741211,744.9500122070312,102.2300033569336
2016-04-01,25.456953048706055,598.5,116.05999755859375,749.9099731445312,105.69999694824219
2016-04-04,25.718482971191406,593.1900024414062,112.55000305175781,745.2899780273438,104.3499984741211
2016-04-05,25.4152889251709,586.1400146484375,112.22000122070312,737.7999877929688,104.94000244140625
2016-04-06,25.681455612182617,602.0800170898438,113.70999908447266,745.6900024414062,104.83000183105469
2016-04-07,25.1213436126709,591.4299926757812,113.63999938964844,740.280029296875,104.44999694824219
2016-04-08,25.149124145507812,594.5999755859375,110.62999725341797,739.1500244140625,103.80999755859375
2016-04-11,25.232440948486328,595.9299926757812,108.98999786376953,736.0999755859375,102.68000030517578
2016-04-12,25.561098098754883,603.1699829101562,110.61000061035156,743.0900268554688,106.9800033569336
2016-04-13,25.93141746520996,614.8200073242188,110.51000213623047,751.719970703125,109.6500015258789
2016-04-14,25.945302963256836,620.75,110.83999633789062,753.2000122070312,110.41999816894531
2016-04-15,25.42454719543457,625.8900146484375,109.63999938964844,759.0,111.51000213623047
2016-04-18,24.87601661682129,635.3499755859375,110.44999694824219,766.6099853515625,108.4000015258789
2016-04-19,24.74408721923828,627.9000244140625,112.29000091552734,753.9299926757812,94.33999633789062
2016-04-20,24.795007705688477,632.989990234375,112.41999816894531,752.6699829101562,96.7699966430664
2016-04-21,24.526527404785156,631.0,113.44000244140625,759.1400146484375,94.9800033569336
2016-04-22,24.459407806396484,620.5,110.55999755859375,718.77001953125,95.9000015258789
2016-04-25,24.320541381835938,626.2000122070312,110.0999984741211,723.1500244140625,93.55999755859375
2016-04-26,24.15157699584961,616.8800048828125,108.76000213623047,708.1400146484375,92.43000030517578
2016-04-27,22.640230178833008,606.5700073242188,108.88999938964844,705.8400268554688,91.04000091552734
2016-04-28,21.948200225830078,602.0,116.7300033569336,691.02001953125,90.27999877929688
2016-04-29,21.695919036865234,659.5900268554688,117.58000183105469,693.010009765625,90.02999877929688
2016-05-02,21.672779083251953,683.8499755859375,118.56999969482422,698.2100219726562,93.11000061035156
2016-05-03,22.029199600219727,671.3200073242188,117.43000030517578,692.3599853515625,91.54000091552734
2016-05-04,21.800073623657227,670.9000244140625,118.05999755859375,695.7000122070312,90.79000091552734
2016-05-05,21.711584091186523,659.0900268554688,117.80999755859375,701.4299926757812,89.37000274658203
2016-05-06,21.590497970581055,673.9500122070312,119.48999786376953,711.1199951171875,90.83999633789062
2016-05-09,21.606800079345703,679.75,119.23999786376953,712.9000244140625,90.54000091552734
2016-05-10,21.753496170043945,703.0700073242188,120.5,723.1799926757812,92.88999938964844
2016-05-11,21.541601181030273,713.22998046875,119.5199966430664,715.2899780273438,90.0199966430664
2016-05-12,21.03630256652832,717.9299926757812,120.27999877929688,713.3099975585938,87.73999786376953
2016-05-13,21.078210830688477,709.9199829101562,119.80999755859375,710.8300170898438,87.87999725341797
2016-05-16,21.860612869262695,710.6599731445312,118.66999816894531,716.489990234375,89.12000274658203
2016-05-17,21.769800186157227,695.27001953125,117.3499984741211,706.22998046875,88.62999725341797
2016-05-18,22.01895523071289,697.4500122070312,117.6500015258789,706.6300048828125,90.5
2016-05-19,21.935129165649414,698.52001953125,116.80999755859375,700.3200073242188,89.55000305175781
2016-05-20,22.172637939453125,702.7999877929688,117.3499984741211,709.739990234375,92.48999786376953
2016-05-23,22.45439910888672,696.75,115.97000122070312,704.239990234375,94.88999938964844
2016-05-24,22.796701431274414,704.2000122070312,117.69999694824219,720.0900268554688,97.88999938964844
2016-05-25,23.197214126586914,708.3499755859375,117.88999938964844,725.27001953125,100.19999694824219
2016-05-26,23.38117218017578,714.9099731445312,119.47000122070312,724.1199951171875,102.80999755859375
2016-05-27,23.36720085144043,712.239990234375,119.37999725341797,732.6599731445312,103.30000305175781
2016-05-31,23.25309944152832,722.7899780273438,118.80999755859375,735.719970703125,102.56999969482422
2016-06-01,22.92709732055664,719.4400024414062,118.77999877929688,734.1500244140625,101.51000213623047
2016-06-02,22.754789352416992,728.239990234375,118.93000030517578,730.4000244140625,101.25
2016-06-03,22.80135726928711,725.5399780273438,118.47000122070312,722.3400268554688,99.58999633789062
2016-06-06,22.966684341430664,726.72998046875,118.79000091552734,716.5499877929688,100.73999786376953
2016-06-07,23.059825897216797,723.739990234375,117.76000213623047,716.6500244140625,99.88999938964844
2016-06-08,23.03887176513672,726.6400146484375,118.38999938964844,728.280029296875,97.86000061035156
2016-06-09,23.20420265197754,727.6500244140625,118.55999755859375,728.5800170898438,97.08999633789062
2016-06-10,23.01325798034668,717.9099731445312,116.62000274658203,719.4099731445312,93.75
2016-06-13,22.66629981994629,715.239990234375,113.94999694824219,718.3599853515625,93.8499984741211
2016-06-14,22.69424057006836,719.2999877929688,114.94000244140625,718.27001953125,94.12000274658203
2016-06-15,22.61972999572754,714.260009765625,114.5999984741211,718.9199829101562,94.29000091552734
2016-06-16,22.715200424194336,717.510009765625,114.38999938964844,710.3599853515625,95.44000244140625
2016-06-17,22.198259353637695,706.3900146484375,113.0199966430664,691.719970703125,94.44999694824219
2016-06-20,22.144697189331055,714.010009765625,113.37000274658203,693.7100219726562,93.80000305175781
2016-06-21,22.333316802978516,715.8200073242188,114.37999725341797,695.9400024414062,90.98999786376953
2016-06-22,22.24948501586914,710.5999755859375,113.91000366210938,697.4600219726562,90.01000213623047
2016-06-23,22.37755584716797,722.0800170898438,115.08000183105469,701.8699951171875,91.66000366210938
2016-06-24,21.748842239379883,698.9600219726562,112.08000183105469,675.219970703125,88.44000244140625
2016-06-27,21.432159423828125,691.3599853515625,108.97000122070312,668.260009765625,85.33000183105469
2016-06-28,21.793087005615234,707.9500122070312,112.69999694824219,680.0399780273438,87.97000122070312
2016-06-29,21.98170280456543,715.5999755859375,114.16000366210938,684.1099853515625,91.05999755859375
2016-06-30,22.26112937927246,715.6199951171875,114.27999877929688,692.0999755859375,91.4800033569336
2016-07-01,22.328657150268555,725.6799926757812,114.19000244140625,699.2100219726562,96.66999816894531
2016-07-05,22.11908721923828,728.0999755859375,114.19999694824219,694.9500122070312,97.91000366210938
2016-07-06,22.244834899902344,737.6099853515625,116.69999694824219,697.77001953125,94.5999984741211
2016-07-07,22.34030532836914,736.5700073242188,115.8499984741211,695.3599853515625,95.0999984741211
2016-07-08,22.512615203857422,745.8099975585938,117.23999786376953,705.6300048828125,97.05999755859375
2016-07-11,22.582475662231445,753.780029296875,117.87000274658203,715.0900268554688,94.66999816894531
2016-07-12,22.68492889404297,748.2100219726562,117.93000030517578,720.6400146484375,95.97000122070312
2016-07-13,22.556856155395508,742.6300048828125,116.77999877929688,716.97998046875,96.43000030517578
2016-07-14,23.003948211669922,741.2000122070312,117.29000091552734,720.9500122070312,98.0199966430664
2016-07-15,23.001617431640625,735.4400024414062,116.86000061035156,719.8499755859375,98.38999938964844
2016-07-18,23.246112823486328,736.0700073242188,119.37000274658203,733.780029296875,98.80999755859375
2016-07-19,23.255430221557617,739.9500122070312,120.61000061035156,736.9600219726562,85.83999633789062
2016-07-20,23.276384353637695,745.719970703125,121.91999816894531,741.1900024414062,87.91000366210938
2016-07-21,23.152973175048828,744.4299926757812,120.61000061035156,738.6300048828125,85.98999786376953
2016-07-22,22.973669052124023,744.8599853515625,121.0,742.739990234375,85.88999938964844
2016-07-25,22.66629981994629,739.6099853515625,121.62999725341797,739.77001953125,87.66000366210938
2016-07-26,22.51028060913086,735.5900268554688,121.22000122070312,738.4199829101562,91.41000366210938
2016-07-27,23.97262954711914,736.6699829101562,123.33999633789062,741.77001953125,92.04000091552734
2016-07-28,24.296297073364258,752.6099853515625,125.0,745.9099731445312,91.6500015258789
2016-07-29,24.26602554321289,758.8099975585938,123.94000244140625,768.7899780273438,91.25
2016-08-01,24.694482803344727,767.739990234375,124.30999755859375,772.8800048828125,94.37000274658203
2016-08-02,24.328899383544922,760.5800170898438,123.08999633789062,771.0700073242188,93.55999755859375
2016-08-03,24.633939743041992,754.6400146484375,122.51000213623047,773.1799926757812,93.0999984741211
2016-08-04,24.786123275756836,760.77001953125,124.36000061035156,771.6099853515625,93.44000244140625
2016-08-05,25.163053512573242,765.97998046875,125.1500015258789,782.219970703125,97.02999877929688
2016-08-08,25.371421813964844,766.5599975585938,125.26000213623047,781.760009765625,95.11000061035156
2016-08-09,25.47442054748535,768.3099975585938,125.05999755859375,784.260009765625,93.98999786376953
2016-08-10,25.2847900390625,768.5599975585938,124.87999725341797,784.6799926757812,93.93000030517578
2016-08-11,25.26840591430664,771.239990234375,124.9000015258789,784.8499755859375,95.88999938964844
2016-08-12,25.326936721801758,772.5599975585938,124.87999725341797,783.219970703125,96.58999633789062
2016-08-15,25.63128662109375,768.489990234375,123.9000015258789,782.4400024414062,95.30999755859375
2016-08-16,25.60787582397461,764.0399780273438,123.30000305175781,777.1400146484375,95.12000274658203
2016-08-17,25.570417404174805,764.6300048828125,124.37000274658203,779.9099731445312,96.37000274658203
2016-08-18,25.537639617919922,764.4600219726562,123.91000366210938,777.5,96.16000366210938
2016-08-19,25.603193283081055,757.3099975585938,123.55999755859375,775.4199829101562,95.87000274658203
2016-08-22,25.40419578552246,759.47998046875,124.1500015258789,772.1500244140625,95.26000213623047
2016-08-23,25.483787536621094,762.4500122070312,124.37000274658203,772.0800170898438,95.94000244140625
2016-08-24,25.29181480407715,757.25,123.4800033569336,769.6400146484375,95.18000030517578
2016-08-25,25.184114456176758,759.219970703125,123.88999938964844,769.4099731445312,97.31999969482422
2016-08-26,25.0366268157959,769.0,124.95999908447266,769.5399780273438,97.58000183105469
2016-08-29,25.008529663085938,771.2899780273438,126.54000091552734,772.1500244140625,97.30000305175781
2016-08-30,24.816553115844727,767.5800170898438,125.83999633789062,769.0900268554688,97.44999694824219
2016-08-31,24.839967727661133,769.1599731445312,126.12000274658203,767.0499877929688,97.44999694824219
2016-09-01,24.98746109008789,770.6199951171875,126.16999816894531,768.780029296875,97.37999725341797
2016-09-02,25.22157859802246,772.4400024414062,126.51000213623047,771.4600219726562,97.37999725341797
2016-09-06,25.214557647705078,788.8699951171875,129.72999572753906,780.0800170898438,100.08999633789062
2016-09-07,25.369077682495117,784.47998046875,131.0500030517578,780.3499755859375,99.1500015258789
2016-09-08,24.704177856445312,784.0599975585938,130.27000427246094,775.3200073242188,99.66000366210938
2016-09-09,24.14463233947754,760.1400146484375,127.0999984741211,759.6599731445312,96.5
2016-09-12,24.68544578552246,771.489990234375,128.69000244140625,769.02001953125,99.05000305175781
2016-09-13,25.27308464050293,761.010009765625,127.20999908447266,759.6900024414062,96.08999633789062
2016-09-14,26.167415618896484,761.0900268554688,127.7699966430664,762.489990234375,97.01000213623047
2016-09-15,27.05706787109375,769.6900024414062,128.35000610351562,771.760009765625,97.33999633789062
2016-09-16,26.904891967773438,778.52001953125,129.07000732421875,768.8800048828125,99.4800033569336
2016-09-19,26.59117317199707,775.0999755859375,128.64999389648438,765.7000122070312,98.05999755859375
2016-09-20,26.58883285522461,780.219970703125,128.63999938964844,771.4099731445312,98.25
2016-09-21,26.584150314331055,789.739990234375,129.94000244140625,776.219970703125,94.87999725341797
2016-09-22,26.83465576171875,804.7000122070312,130.0800018310547,787.2100219726562,95.83000183105469
2016-09-23,26.387489318847656,805.75,127.95999908447266,786.9000244140625,95.94000244140625
2016-09-26,26.427291870117188,799.1599731445312,127.30999755859375,774.2100219726562,94.55999755859375
2016-09-27,26.47645378112793,816.1099853515625,128.69000244140625,783.010009765625,97.06999969482422
2016-09-28,26.677797317504883,828.719970703125,129.22999572753906,781.5599975585938,97.4800033569336
2016-09-29,26.263404846191406,829.0499877929688,128.08999633789062,775.010009765625,96.66999816894531
2016-09-30,26.467090606689453,837.3099975585938,128.27000427246094,777.2899780273438,98.55000305175781
2016-10-03,26.343008041381836,836.739990234375,128.77000427246094,772.5599975585938,102.62999725341797
2016-10-04,26.455381393432617,834.030029296875,128.19000244140625,776.4299926757812,102.33999633789062
2016-10-05,26.467090606689453,844.3599853515625,128.47000122070312,776.469970703125,106.27999877929688
2016-10-06,26.663745880126953,841.6599731445312,128.74000549316406,776.8599853515625,105.06999969482422
2016-10-07,26.703548431396484,839.4299926757812,128.99000549316406,775.0800170898438,104.81999969482422
2016-10-10,27.169443130493164,841.7100219726562,130.24000549316406,785.9400024414062,103.33000183105469
2016-10-11,27.227975845336914,831.0,128.8800048828125,783.0700073242188,100.58999633789062
2016-10-12,27.471458435058594,834.0900268554688,129.0500030517578,786.1400146484375,99.5
2016-10-13,27.387176513671875,829.280029296875,127.81999969482422,778.1900024414062,100.2300033569336
2016-10-14,27.539350509643555,822.9600219726562,127.87999725341797,778.530029296875,101.47000122070312
2016-10-17,27.520620346069336,812.9500122070312,127.54000091552734,779.9600219726562,99.80000305175781
2016-10-18,27.50189208984375,817.6500244140625,128.57000732421875,795.260009765625,118.79000091552734
2016-10-19,27.419954299926758,817.6900024414062,130.11000061035156,801.5,121.87000274658203
2016-10-20,27.405902862548828,810.3200073242188,130.0,796.969970703125,123.3499984741211
2016-10-21,27.298208236694336,818.989990234375,132.07000732421875,799.3699951171875,127.5
2016-10-24,27.544034957885742,838.0900268554688,133.27999877929688,813.1099853515625,127.33000183105469
2016-10-25,27.684505462646484,835.1799926757812,132.2899932861328,807.6699829101562,126.51000213623047
2016-10-26,27.061748504638672,822.5900268554688,131.0399932861328,799.0700073242188,126.97000122070312
2016-10-27,26.801877975463867,818.3599853515625,129.69000244140625,795.3499755859375,126.47000122070312
2016-10-28,26.623947143554688,776.3200073242188,131.2899932861328,795.3699951171875,126.56999969482422
2016-10-31,26.581804275512695,789.8200073242188,130.99000549316406,784.5399780273438,124.87000274658203
2016-11-01,26.101865768432617,785.4099731445312,129.5,783.6099853515625,123.30000305175781
2016-11-02,26.125276565551758,765.5599975585938,127.16999816894531,768.7000122070312,122.33999633789062
2016-11-03,25.845247268676758,767.030029296875,120.0,762.1300048828125,122.13999938964844
2016-11-04,25.61228370666504,755.0499877929688,120.75,762.02001953125,122.02999877929688
2016-11-07,25.981733322143555,784.9299926757812,122.1500015258789,782.52001953125,124.58000183105469
2016-11-08,26.13469123840332,787.75,124.22000122070312,790.510009765625,124.33999633789062
2016-11-09,26.09233283996582,771.8800048828125,123.18000030517578,785.3099975585938,122.19000244140625
2016-11-10,25.36519432067871,742.3800048828125,120.80000305175781,762.5599975585938,115.41999816894531
2016-11-11,25.51579475402832,739.010009765625,119.0199966430664,754.02001953125,114.77999877929688
2016-11-14,24.87572479248047,719.0700073242188,115.08000183105469,736.0800170898438,113.37999725341797
2016-11-15,25.20517349243164,743.239990234375,117.19999694824219,758.489990234375,113.58999633789062
2016-11-16,25.882896423339844,746.489990234375,116.33999633789062,764.47998046875,115.19000244140625
2016-11-17,25.87348747253418,756.4000244140625,117.79000091552734,771.22998046875,115.02999877929688
2016-11-18,25.899370193481445,760.1599731445312,117.0199966430664,760.5399780273438,115.20999908447266
2016-11-21,26.292354583740234,780.0,121.7699966430664,769.2000122070312,117.95999908447266
2016-11-22,26.3088321685791,785.3300170898438,121.47000122070312,768.27001953125,118.04000091552734
2016-11-23,26.17469596862793,780.1199951171875,120.83999633789062,760.989990234375,117.69000244140625
2016-11-25,26.306474685668945,780.3699951171875,120.37999725341797,761.6799926757812,117.41000366210938
2016-11-28,26.25470733642578,766.77001953125,120.41000366210938,768.239990234375,116.93000030517578
2016-11-29,26.228818893432617,762.52001953125,120.87000274658203,770.8400268554688,117.51000213623047
2016-11-30,26.00761604309082,750.5700073242188,118.41999816894531,758.0399780273438,117.0
2016-12-01,25.765233993530273,743.6500244140625,115.0999984741211,747.9199829101562,117.22000122070312
2016-12-02,25.861717224121094,740.3400268554688,115.4000015258789,750.5,120.80999755859375
2016-12-05,25.675811767578125,759.3599853515625,117.43000030517578,762.52001953125,119.16000366210938
2016-12-06,25.87348747253418,764.719970703125,117.30999755859375,759.1099853515625,124.56999969482422
2016-12-07,26.12763023376465,770.4199829101562,117.94999694824219,771.1900024414062,125.38999938964844
2016-12-08,26.38412857055664,767.3300170898438,118.91000366210938,776.4199829101562,123.23999786376953
2016-12-09,26.814769744873047,768.6599731445312,119.68000030517578,789.2899780273438,122.87999725341797
2016-12-12,26.661813735961914,760.1199951171875,117.7699966430664,789.27001953125,122.83000183105469
2016-12-13,27.1065616607666,774.3400268554688,120.30999755859375,796.0999755859375,123.77999877929688
2016-12-14,27.1065616607666,768.8200073242188,120.20999908447266,797.0700073242188,123.44000244140625
2016-12-15,27.254812240600586,761.0,120.56999969482422,797.8499755859375,125.0
2016-12-16,27.290111541748047,757.77001953125,119.87000274658203,790.7999877929688,124.22000122070312
2016-12-19,27.447778701782227,766.0,119.23999786376953,794.2000122070312,125.44999694824219
2016-12-20,27.52072525024414,771.219970703125,119.08999633789062,796.4199829101562,125.12000274658203
2016-12-21,27.546615600585938,770.5999755859375,119.04000091552734,794.5599975585938,126.5
2016-12-22,27.365413665771484,766.3400268554688,117.4000015258789,791.260009765625,125.58000183105469
2016-12-23,27.419538497924805,760.5900268554688,117.2699966430664,789.9099731445312,125.58999633789062
2016-12-27,27.593677520751953,771.4000244140625,118.01000213623047,791.5499877929688,128.35000610351562
2016-12-28,27.476016998291016,772.1300048828125,116.91999816894531,785.0499877929688,125.88999938964844
2016-12-29,27.468957901000977,765.1500244140625,116.3499984741211,782.7899780273438,125.33000183105469
2016-12-30,27.254812240600586,749.8699951171875,115.05000305175781,771.8200073242188,123.80000305175781
2017-01-03,27.332473754882812,753.6699829101562,116.86000061035156,786.1400146484375,127.48999786376953
2017-01-04,27.301881790161133,757.1799926757812,118.69000244140625,786.9000244140625,129.41000366210938
2017-01-05,27.440723419189453,780.4500122070312,120.66999816894531,794.02001953125,131.80999755859375
2017-01-06,27.746633529663086,795.989990234375,123.41000366210938,806.1500244140625,131.07000732421875
2017-01-09,28.000778198242188,796.9199829101562,124.9000015258789,806.6500244140625,130.9499969482422
2017-01-10,28.02902603149414,795.9000244140625,124.3499984741211,804.7899780273438,129.88999938964844
2017-01-11,28.17961883544922,799.02001953125,126.08999633789062,807.9099731445312,130.5
2017-01-12,28.06196403503418,813.6400146484375,126.62000274658203,806.3599853515625,129.17999267578125
2017-01-13,28.012548446655273,817.1400146484375,128.33999633789062,807.8800048828125,133.6999969482422
2017-01-17,28.238454818725586,809.719970703125,127.87000274658203,804.6099853515625,132.88999938964844
2017-01-18,28.23610496520996,807.47998046875,127.91999816894531,806.0700073242188,133.25999450683594
2017-01-19,28.186683654785156,809.0399780273438,127.55000305175781,802.1749877929688,138.41000366210938
2017-01-20,28.238454818725586,808.3300170898438,127.04000091552734,805.02001953125,138.60000610351562
2017-01-23,28.257280349731445,817.8800048828125,128.92999267578125,819.3099975585938,137.38999938964844
2017-01-24,28.231393814086914,822.4400024414062,129.3699951171875,823.8699951171875,140.11000061035156
2017-01-25,28.68086051940918,836.52001953125,131.47999572753906,835.6699829101562,139.52000427246094
2017-01-26,28.69497299194336,839.1500244140625,132.77999877929688,832.1500244140625,138.9600067138672
2017-01-27,28.69733238220215,835.77001953125,132.17999267578125,823.3099975585938,142.4499969482422
2017-01-30,28.622026443481445,830.3800048828125,130.97999572753906,802.3200073242188,141.22000122070312
2017-01-31,28.55613899230957,823.47998046875,130.32000732421875,796.7899780273438,140.7100067138672
2017-02-01,30.29750633239746,832.3499755859375,133.22999572753906,795.6950073242188,140.77999877929688
2017-02-02,30.24574089050293,839.9500122070312,130.83999633789062,798.530029296875,139.1999969482422
2017-02-03,30.375164031982422,810.2000122070312,130.97999572753906,801.489990234375,140.25
2017-02-06,30.65989875793457,807.6400146484375,132.05999755859375,801.3400268554688,140.97000122070312
2017-02-07,30.951705932617188,812.5,131.83999633789062,806.969970703125,144.0
2017-02-08,31.07171058654785,819.7100219726562,134.1999969482422,808.3800048828125,144.74000549316406
2017-02-09,31.296234130859375,821.3599853515625,134.13999938964844,809.5599975585938,144.13999938964844
2017-02-10,31.22533416748047,827.4600219726562,134.19000244140625,813.6699829101562,144.82000732421875
2017-02-13,31.501859664916992,836.530029296875,134.0500030517578,819.239990234375,143.1999969482422
2017-02-14,31.910717010498047,836.3900146484375,133.85000610351562,820.4500122070312,140.82000732421875
2017-02-15,32.02653121948242,842.7000122070312,133.44000244140625,818.97998046875,142.27000427246094
2017-02-16,31.988712310791016,844.1400146484375,133.83999633789062,824.1599731445312,142.00999450683594
2017-02-17,32.07616424560547,845.0700073242188,133.52999877929688,828.0700073242188,142.22000122070312
2017-02-21,32.30777359008789,856.4400024414062,133.72000122070312,831.6599731445312,142.60000610351562
2017-02-22,32.4046745300293,855.6099853515625,136.1199951171875,830.760009765625,143.86000061035156
2017-02-23,32.26759338378906,852.1900024414062,135.36000061035156,831.3300170898438,142.77999877929688
2017-02-24,32.29832458496094,845.239990234375,135.44000244140625,828.6400146484375,143.25
2017-02-27,32.36212921142578,848.6400146484375,136.41000366210938,829.280029296875,143.41000366210938
2017-02-28,32.376312255859375,845.0399780273438,135.5399932861328,823.2100219726562,142.1300048828125
2017-03-01,33.03806686401367,853.0800170898438,137.4199981689453,835.239990234375,142.64999389648438
2017-03-02,32.84191131591797,848.9099731445312,136.75999450683594,830.6300048828125,139.52999877929688
2017-03-03,33.035701751708984,849.8800048828125,137.1699981689453,829.0800170898438,139.13999938964844
2017-03-06,32.93172073364258,846.6099853515625,137.4199981689453,827.780029296875,141.94000244140625
2017-03-07,32.9742546081543,846.02001953125,137.3000030517578,831.9099731445312,141.42999267578125
2017-03-08,32.85135269165039,850.5,137.72000122070312,835.3699951171875,140.32000732421875
2017-03-09,32.775733947753906,853.0,138.24000549316406,838.6799926757812,140.52999877929688
2017-03-10,32.88444519042969,852.4600219726562,138.7899932861328,843.25,140.88999938964844
2017-03-13,32.89862060546875,854.5900268554688,139.60000610351562,845.5399780273438,143.52000427246094
2017-03-14,32.8489990234375,852.530029296875,139.32000732421875,845.6199951171875,143.19000244140625
2017-03-15,33.1964111328125,852.969970703125,139.72000122070312,847.2000122070312,145.25
2017-03-16,33.250770568847656,853.4199829101562,139.99000549316406,848.780029296875,144.38999938964844
2017-03-17,33.0853385925293,852.3099975585938,139.83999633789062,852.1199951171875,145.11000061035156
2017-03-20,33.43275451660156,856.969970703125,139.94000244140625,848.4000244140625,145.8300018310547
2017-03-21,33.04988098144531,843.2000122070312,138.50999450683594,830.4600219726562,142.4199981689453
2017-03-22,33.423301696777344,848.0599975585938,139.58999633789062,829.5900268554688,142.64999389648438
2017-03-23,33.30512237548828,847.3800048828125,139.52999877929688,817.5800170898438,141.83999633789062
2017-03-24,33.23896026611328,845.6099853515625,140.33999633789062,814.4299926757812,142.02000427246094
2017-03-27,33.29568099975586,846.8200073242188,140.32000732421875,819.510009765625,144.05999755859375
2017-03-28,33.98579788208008,856.0,141.75999450683594,820.9199829101562,145.1699981689453
2017-03-29,34.06142807006836,874.3200073242188,142.64999389648438,831.4099731445312,146.47000122070312
2017-03-30,34.01651382446289,876.3400268554688,142.41000366210938,831.5,148.05999755859375
2017-03-31,33.952701568603516,886.5399780273438,142.0500030517578,829.5599975585938,147.80999755859375
2017-04-03,33.962154388427734,891.510009765625,142.27999877929688,838.5499877929688,146.9199981689453
2017-04-04,34.21504592895508,906.8300170898438,141.72999572753906,834.5700073242188,145.5
2017-04-05,34.03778839111328,909.280029296875,141.85000610351562,831.4099731445312,143.6199951171875
2017-04-06,33.952701568603516,898.280029296875,141.1699981689453,827.8800048828125,143.74000549316406
2017-04-07,33.877079010009766,894.8800048828125,140.77999877929688,824.6699829101562,143.11000061035156
2017-04-10,33.83689880371094,907.0399780273438,141.0399932861328,824.72998046875,143.85000610351562
2017-04-11,33.472930908203125,902.3599853515625,139.9199981689453,823.3499755859375,144.35000610351562
2017-04-12,33.51311492919922,896.22998046875,139.5800018310547,824.3200073242188,143.8300018310547
2017-04-13,33.335845947265625,884.6699829101562,139.38999938964844,823.5599975585938,142.9199981689453
2017-04-17,33.520198822021484,901.989990234375,141.4199981689453,837.1699829101562,147.25
2017-04-18,33.371315002441406,903.780029296875,140.9600067138672,836.8200073242188,143.36000061035156
2017-04-19,33.248409271240234,899.2000122070312,142.27000427246094,838.2100219726562,139.75999450683594
2017-04-20,33.664363861083984,902.0599975585938,143.8000030517578,841.6500244140625,141.17999267578125
2017-04-21,33.62419128417969,898.530029296875,143.67999267578125,843.1900024414062,142.8699951171875
2017-04-24,33.94798278808594,907.4099731445312,145.47000122070312,862.760009765625,143.8300018310547
2017-04-25,34.158321380615234,907.6199951171875,146.49000549316406,872.2999877929688,152.16000366210938
2017-04-26,33.95743179321289,909.2899780273438,146.55999755859375,871.72998046875,150.1699981689453
2017-04-27,33.983428955078125,918.3800048828125,147.6999969482422,874.25,153.0800018310547
2017-04-28,33.95034408569336,924.989990234375,150.25,905.9600219726562,152.1999969482422
2017-05-01,34.64281463623047,948.22998046875,152.4600067138672,912.5700073242188,155.35000610351562
2017-05-02,34.86260986328125,946.9400024414062,152.77999877929688,916.4400024414062,156.4499969482422
2017-05-03,34.756263732910156,941.030029296875,151.8000030517578,927.0399780273438,155.58999633789062
2017-05-04,34.631004333496094,937.530029296875,150.85000610351562,931.6599731445312,157.25
2017-05-05,35.205318450927734,934.1500244140625,150.24000549316406,927.1300048828125,156.60000610351562
2017-05-08,36.16249465942383,949.0399780273438,151.05999755859375,934.2999877929688,156.3800048828125
2017-05-09,36.394107818603516,952.8200073242188,150.47999572753906,932.1699829101562,157.4600067138672
2017-05-10,36.221580505371094,948.9500122070312,150.2899932861328,928.780029296875,160.27999877929688
2017-05-11,36.53483200073242,947.6199951171875,150.0399932861328,930.5999755859375,158.5399932861328
2017-05-12,37.04506301879883,961.3499755859375,150.3300018310547,932.219970703125,160.80999755859375
2017-05-15,36.950130462646484,957.969970703125,150.19000244140625,937.0800170898438,160.02000427246094
2017-05-16,36.89554977416992,966.0700073242188,149.77999877929688,943.0,159.41000366210938
2017-05-17,35.65675735473633,944.760009765625,144.85000610351562,919.6199951171875,153.1999969482422
2017-05-18,36.200218200683594,958.489990234375,147.66000366210938,930.239990234375,155.6999969482422
2017-05-19,36.32361602783203,959.8400268554688,148.05999755859375,934.010009765625,157.02000427246094
2017-05-22,36.54433059692383,970.6699829101562,148.24000549316406,941.8599853515625,157.16000366210938
2017-05-23,36.499237060546875,971.5399780273438,148.07000732421875,948.8200073242188,157.9499969482422
2017-05-24,36.39006805419922,980.3499755859375,150.0399932861328,954.9600219726562,157.75
2017-05-25,36.515846252441406,993.3800048828125,151.9600067138672,969.5399780273438,163.0500030517578
2017-05-26,36.454139709472656,995.780029296875,152.1300048828125,971.469970703125,162.42999267578125
2017-05-30,36.468387603759766,996.7000122070312,152.3800048828125,975.8800048828125,163.22000122070312
2017-05-31,36.25242614746094,994.6199951171875,151.4600067138672,964.8599853515625,163.07000732421875
2017-06-01,36.35210418701172,995.9500122070312,151.52999877929688,966.9500122070312,162.99000549316406
2017-06-02,36.890804290771484,1006.72998046875,153.61000061035156,975.5999755859375,165.17999267578125
2017-06-05,36.530086517333984,1011.3400268554688,153.6300048828125,983.6799926757812,165.05999755859375
2017-06-06,36.65348815917969,1003.0,152.80999755859375,976.5700073242188,165.1699981689453
2017-06-07,36.87181091308594,1010.0700073242188,153.1199951171875,980.9400024414062,165.61000061035156
2017-06-08,36.781646728515625,1010.27001953125,154.7100067138672,983.4099731445312,165.8800048828125
2017-06-09,35.355369567871094,978.3099975585938,149.60000610351562,949.8300170898438,158.02999877929688
2017-06-12,34.510520935058594,964.9099731445312,148.44000244140625,942.9000244140625,151.44000244140625
2017-06-13,34.78818893432617,980.7899780273438,150.67999267578125,953.4000244140625,152.72000122070312
2017-06-14,34.448822021484375,976.469970703125,150.25,950.760009765625,152.1999969482422
2017-06-15,34.242347717285156,964.1699829101562,149.8000030517578,942.3099975585938,151.75999450683594
2017-06-16,33.76297378540039,987.7100219726562,150.63999938964844,939.780029296875,152.3800048828125
2017-06-19,34.728843688964844,995.1699829101562,152.8699951171875,957.3699951171875,153.39999389648438
2017-06-20,34.413230895996094,992.5900268554688,152.25,950.6300048828125,152.0500030517578
2017-06-21,34.61731719970703,1002.22998046875,153.91000366210938,959.4500122070312,155.02999877929688
2017-06-22,34.56036376953125,1001.2999877929688,153.39999389648438,957.0900268554688,154.88999938964844
2017-06-23,34.71461868286133,1003.739990234375,155.07000732421875,965.5900268554688,158.02000427246094
2017-06-26,34.6054573059082,993.97998046875,153.58999633789062,952.27001953125,157.5
2017-06-27,34.109458923339844,976.780029296875,150.5800018310547,927.3300170898438,151.02999877929688
2017-06-28,34.60781478881836,990.3300170898438,153.24000549316406,940.489990234375,153.41000366210938
2017-06-29,34.097599029541016,975.9299926757812,151.0399932861328,917.7899780273438,150.08999633789062
2017-06-30,34.178279876708984,968.0,150.97999572753906,908.72998046875,149.41000366210938
2017-07-03,34.05488204956055,953.6599731445312,148.42999267578125,898.7000122070312,146.1699981689453
2017-07-05,34.19489669799805,971.4000244140625,150.33999633789062,911.7100219726562,147.61000061035156
2017-07-06,33.87214279174805,965.1400146484375,148.82000732421875,906.6900024414062,146.25
2017-07-07,34.216243743896484,978.760009765625,151.44000244140625,918.5900268554688,150.17999267578125
2017-07-10,34.42509078979492,996.469970703125,153.5,928.7999877929688,152.6699981689453
2017-07-11,34.53662872314453,994.1300048828125,155.27000427246094,930.0900268554688,154.3300018310547
2017-07-12,34.58646774291992,1006.510009765625,158.89999389648438,943.8300170898438,158.75
2017-07-13,35.06821823120117,1000.6300048828125,159.25999450683594,947.1599731445312,158.2100067138672
2017-07-14,35.36961364746094,1001.8099975585938,159.97000122070312,955.989990234375,161.1199951171875
2017-07-17,35.493019104003906,1010.0399780273438,159.72999572753906,953.4199829101562,161.6999969482422
2017-07-18,35.616416931152344,1024.449951171875,162.86000061035156,965.4000244140625,183.60000610351562
2017-07-19,35.839508056640625,1026.8699951171875,164.13999938964844,970.8900146484375,183.86000061035156
2017-07-20,35.678123474121094,1028.699951171875,164.52999877929688,968.1500244140625,183.60000610351562
2017-07-21,35.66150665283203,1025.6700439453125,164.42999267578125,972.9199829101562,188.5399932861328
2017-07-24,36.093421936035156,1038.949951171875,166.0,980.3400268554688,187.91000366210938
2017-07-25,36.247684478759766,1039.8699951171875,165.27999877929688,950.7000122070312,186.97000122070312
2017-07-26,36.418556213378906,1052.800048828125,165.61000061035156,947.7999877929688,189.0800018310547
2017-07-27,35.730323791503906,1046.0,170.44000244140625,934.0900268554688,182.67999267578125
2017-07-28,35.4787712097168,1020.0399780273438,172.4499969482422,941.530029296875,184.0399932861328
2017-07-31,35.29603576660156,987.780029296875,169.25,930.5,181.66000366210938
2017-08-01,35.60930633544922,996.1900024414062,169.86000061035156,930.8300170898438,182.02999877929688
2017-08-02,37.291873931884766,995.8900146484375,169.3000030517578,930.3900146484375,180.74000549316406
2017-08-03,36.91929244995117,986.9199829101562,168.58999633789062,923.6500244140625,179.22999572753906
2017-08-04,37.1138801574707,987.5800170898438,169.6199951171875,927.9600219726562,180.27000427246094
2017-08-07,37.68819046020508,992.27001953125,171.97999572753906,929.3599853515625,181.3300018310547
2017-08-08,37.98958206176758,989.8400268554688,171.22999572753906,926.7899780273438,178.36000061035156
2017-08-09,38.22215270996094,982.010009765625,171.17999267578125,922.9000244140625,175.77999877929688
2017-08-10,37.00471115112305,956.9199829101562,167.39999389648438,907.239990234375,169.13999938964844
2017-08-11,37.519317626953125,967.989990234375,168.0800018310547,914.3900146484375,171.39999389648438
2017-08-14,38.08396911621094,983.2999877929688,170.75,922.6699829101562,171.0
2017-08-15,38.50090026855469,982.739990234375,171.0,922.219970703125,168.5
2017-08-16,38.34604263305664,978.1799926757812,170.0,926.9600219726562,169.97999572753906
2017-08-17,37.609859466552734,960.5700073242188,166.91000366210938,910.97998046875,166.08999633789062
2017-08-18,37.52408218383789,958.469970703125,167.41000366210938,910.6699829101562,166.5399932861328
2017-08-21,37.45500183105469,953.2899780273438,167.77999877929688,906.6599731445312,166.75999450683594
2017-08-22,38.067291259765625,966.9000244140625,169.63999938964844,924.6900024414062,169.33999633789062
2017-08-23,38.11492919921875,958.0,168.7100067138672,927.0,169.05999755859375
2017-08-24,37.94578552246094,952.4500122070312,167.74000549316406,921.280029296875,168.1300048828125
2017-08-25,38.08635711669922,945.260009765625,166.32000732421875,915.8900146484375,165.9499969482422
2017-08-28,38.469940185546875,946.02001953125,167.24000549316406,913.8099975585938,167.1199951171875
2017-08-29,38.81301498413086,954.0599975585938,168.0500030517578,921.2899780273438,168.80999755859375
2017-08-30,38.9178352355957,967.5900268554688,169.9199981689453,929.5700073242188,174.69000244140625
2017-08-31,39.072696685791016,980.5999755859375,171.97000122070312,939.3300170898438,174.7100067138672
2017-09-01,39.08460998535156,978.25,172.02000427246094,937.3400268554688,174.74000549316406
2017-09-05,38.615264892578125,965.27001953125,170.72000122070312,928.4500122070312,174.52000427246094
2017-09-06,38.574764251708984,967.7999877929688,172.08999633789062,927.8099975585938,179.25
2017-09-07,38.419898986816406,979.469970703125,173.2100067138672,935.9500122070312,179.0
2017-09-08,37.793312072753906,965.9000244140625,170.9499969482422,926.5,176.4199981689453
2017-09-11,38.477073669433594,977.9600219726562,173.50999450683594,929.0800170898438,181.74000549316406
2017-09-12,38.32461166381836,982.5800170898438,172.9600067138672,932.0700073242188,185.14999389648438
2017-09-13,38.036312103271484,999.5999755859375,173.0500030517578,935.0900268554688,183.63999938964844
2017-09-14,37.70991897583008,992.2100219726562,170.9600067138672,925.1099853515625,182.6300048828125
2017-09-15,38.09111785888672,986.7899780273438,171.63999938964844,920.2899780273438,182.35000610351562
2017-09-18,37.80282974243164,974.1900024414062,170.00999450683594,915.0,184.6199951171875
2017-09-19,37.81713104248047,969.8599853515625,172.52000427246094,921.8099975585938,185.67999267578125
2017-09-20,37.18339538574219,973.2100219726562,172.1699981689453,931.5800170898438,185.50999450683594
2017-09-21,36.544891357421875,964.6500244140625,171.11000061035156,932.4500122070312,188.77999877929688
2017-09-22,36.18751525878906,955.0999755859375,170.5399932861328,928.530029296875,187.35000610351562
2017-09-25,35.86825942993164,939.7899780273438,162.8699951171875,920.969970703125,178.5500030517578
2017-09-26,36.48532485961914,938.5999755859375,164.2100067138672,924.8599853515625,179.3800048828125
2017-09-27,36.74501037597656,950.8699951171875,167.67999267578125,944.489990234375,181.97000122070312
2017-09-28,36.5186767578125,956.4000244140625,168.72999572753906,949.5,180.6999969482422
2017-09-29,36.71880340576172,961.3499755859375,170.8699951171875,959.1099853515625,181.35000610351562
2017-10-02,36.64494705200195,959.1900024414062,169.47000122070312,953.27001953125,177.00999450683594
2017-10-03,36.8045768737793,957.0999755859375,169.9600067138672,957.7899780273438,179.19000244140625
2017-10-04,36.56632995605469,965.4500122070312,168.4199981689453,951.6799926757812,184.4499969482422
2017-10-05,37.02138137817383,980.8499755859375,171.24000549316406,969.9600219726562,194.38999938964844
2017-10-06,36.99993896484375,989.5800170898438,172.22999572753906,978.8900146484375,198.02000427246094
2017-10-09,37.12859344482422,990.989990234375,172.5,977.0,196.8699951171875
2017-10-10,37.142887115478516,987.2000122070312,171.58999633789062,972.5999755859375,195.0800018310547
2017-10-11,37.29775619506836,995.0,172.74000549316406,989.25,194.9499969482422
2017-10-12,37.166709899902344,1000.9299926757812,172.5500030517578,987.8300170898438,195.86000061035156
2017-10-13,37.402584075927734,1002.9400024414062,173.74000549316406,989.6799926757812,199.49000549316406
2017-10-16,38.09111785888672,1006.3400268554688,174.52000427246094,992.0,202.67999267578125
2017-10-17,38.2316780090332,1009.1300048828125,176.11000061035156,992.1799926757812,199.47999572753906
2017-10-18,38.062522888183594,997.0,176.02999877929688,992.8099975585938,195.5399932861328
2017-10-19,37.16194534301758,986.6099853515625,174.55999755859375,984.4500122070312,195.1300048828125
2017-10-20,37.226280212402344,982.9099731445312,174.97999572753906,988.2000122070312,194.16000366210938
2017-10-23,37.20721435546875,966.2999877929688,171.27000427246094,968.4500122070312,192.47000122070312
2017-10-24,37.42878723144531,975.9000244140625,171.8000030517578,970.5399780273438,196.02000427246094
2017-10-25,37.2643928527832,972.9099731445312,170.60000610351562,973.3300170898438,193.77000427246094
2017-10-26,37.502647399902344,972.4299926757812,170.6300048828125,972.5599975585938,195.2100067138672
2017-10-27,38.84635925292969,1100.949951171875,177.8800048828125,1019.27001953125,199.5399932861328
2017-10-30,39.72072982788086,1110.8499755859375,179.8699951171875,1017.1099853515625,198.3699951171875
2017-10-31,40.273468017578125,1105.280029296875,180.05999755859375,1016.6400146484375,196.42999267578125
2017-11-01,39.761234283447266,1103.6800537109375,182.66000366210938,1025.5,198.0
2017-11-02,40.05189895629883,1094.219970703125,178.9199981689453,1025.5799560546875,199.32000732421875
2017-11-03,41.09781265258789,1111.5999755859375,178.9199981689453,1032.47998046875,200.00999450683594
2017-11-06,41.514739990234375,1120.6600341796875,180.1699981689453,1025.9000244140625,200.1300048828125
2017-11-07,41.64816665649414,1123.1700439453125,180.25,1033.3299560546875,195.88999938964844
2017-11-08,41.988853454589844,1132.8800048828125,179.55999755859375,1039.8499755859375,196.44000244140625
2017-11-09,41.90308380126953,1129.1300048828125,179.3000030517578,1031.260009765625,193.89999389648438
2017-11-10,41.764404296875,1125.3499755859375,178.4600067138672,1028.0699462890625,192.02000427246094
2017-11-13,41.59703063964844,1129.1700439453125,178.77000427246094,1025.75,195.0800018310547
2017-11-14,40.96818923950195,1136.8399658203125,178.07000732421875,1026.0,195.7100067138672
2017-11-15,40.42780685424805,1126.68994140625,177.9499969482422,1020.9099731445312,192.1199951171875
2017-11-16,40.910804748535156,1137.2900390625,179.58999633789062,1032.5,195.50999450683594
2017-11-17,40.68365478515625,1129.8800048828125,179.0,1019.0900268554688,193.1999969482422
2017-11-20,40.643001556396484,1126.31005859375,178.74000549316406,1018.3800048828125,194.10000610351562
2017-11-21,41.39857864379883,1139.489990234375,181.86000061035156,1034.489990234375,196.22999572753906
2017-11-22,41.83374786376953,1156.1600341796875,180.8699951171875,1035.9599609375,196.32000732421875
2017-11-24,41.836143493652344,1186.0,182.77999877929688,1040.6099853515625,195.75
2017-11-27,41.6257209777832,1195.8299560546875,183.02999877929688,1054.2099609375,195.0500030517578
2017-11-28,41.3818473815918,1193.5999755859375,182.4199981689453,1047.4100341796875,199.17999267578125
2017-11-29,40.52345275878906,1161.27001953125,175.1300048828125,1021.6599731445312,188.14999389648438
2017-11-30,41.09012985229492,1176.75,177.17999267578125,1021.4099731445312,187.5800018310547
2017-12-01,40.89884948730469,1162.3499755859375,175.10000610351562,1010.1699829101562,186.82000732421875
2017-12-04,40.5999641418457,1133.949951171875,171.47000122070312,998.6799926757812,184.0399932861328
2017-12-05,40.561702728271484,1141.5699462890625,172.8300018310547,1005.1500244140625,184.2100067138672
2017-12-06,40.41107177734375,1152.3499755859375,176.05999755859375,1018.3800048828125,185.3000030517578
2017-12-07,40.485198974609375,1159.7900390625,180.13999938964844,1030.9300537109375,185.1999969482422
2017-12-08,40.49714279174805,1162.0,179.0,1037.050048828125,188.5399932861328
2017-12-11,41.286197662353516,1168.9200439453125,179.0399932861328,1041.0999755859375,186.22000122070312
2017-12-12,41.054264068603516,1165.0799560546875,176.9600067138672,1040.47998046875,185.72999572753906
2017-12-13,41.190547943115234,1164.1300048828125,178.3000030517578,1040.6099853515625,187.86000061035156
2017-12-14,41.17860412597656,1174.260009765625,178.38999938964844,1049.1500244140625,189.55999755859375
2017-12-15,41.59703063964844,1179.1400146484375,180.17999267578125,1064.18994140625,190.1199951171875
2017-12-18,42.18284606933594,1190.5799560546875,180.82000732421875,1077.1400146484375,190.4199981689453
2017-12-19,41.73331832885742,1187.3800048828125,179.50999450683594,1070.6800537109375,187.02000427246094
2017-12-20,41.687896728515625,1177.6199951171875,177.88999938964844,1064.949951171875,188.82000732421875
2017-12-21,41.845699310302734,1174.760009765625,177.4499969482422,1063.6300048828125,188.6199951171875
2017-12-22,41.845699310302734,1168.3599853515625,177.1999969482422,1060.1199951171875,189.94000244140625
2017-12-26,40.78407287597656,1176.760009765625,175.99000549316406,1056.739990234375,187.75999450683594
2017-12-27,40.79125213623047,1182.260009765625,177.6199951171875,1049.3699951171875,186.24000549316406
2017-12-28,40.9060173034668,1186.0999755859375,177.9199981689453,1048.1400146484375,192.7100067138672
2017-12-29,40.46366882324219,1169.469970703125,176.4600067138672,1046.4000244140625,191.9600067138672
2018-01-02,41.188167572021484,1189.010009765625,181.4199981689453,1065.0,201.07000732421875
2018-01-03,41.18099594116211,1204.199951171875,184.6699981689453,1082.47998046875,205.0500030517578
2018-01-04,41.37228012084961,1209.5899658203125,184.3300018310547,1086.4000244140625,205.6300048828125
2018-01-05,41.84330749511719,1229.1400146484375,186.85000610351562,1102.22998046875,209.99000549316406
2018-01-08,41.687896728515625,1246.8699951171875,188.27999877929688,1106.93994140625,212.0500030517578
2018-01-09,41.68311309814453,1252.699951171875,187.8699951171875,1106.260009765625,209.30999755859375
2018-01-10,41.673545837402344,1254.3299560546875,187.83999633789062,1102.6099853515625,212.52000427246094
2018-01-11,41.910255432128906,1276.6800537109375,187.77000427246094,1105.52001953125,217.24000549316406
2018-01-12,42.34303665161133,1305.199951171875,179.3699951171875,1122.260009765625,221.22999572753906
2018-01-16,42.127845764160156,1304.8599853515625,178.38999938964844,1121.760009765625,221.52999877929688
2018-01-17,42.823638916015625,1295.0,177.60000610351562,1131.97998046875,217.5
2018-01-18,42.86189270019531,1293.3199462890625,179.8000030517578,1129.7900390625,220.3300018310547
2018-01-19,42.67060852050781,1294.5799560546875,181.2899932861328,1137.510009765625,220.4600067138672
2018-01-22,42.32151794433594,1327.31005859375,185.3699951171875,1155.81005859375,227.5800018310547
2018-01-23,42.33108139038086,1362.5400390625,189.35000610351562,1169.969970703125,250.2899932861328
2018-01-24,41.65681457519531,1357.510009765625,186.5500030517578,1164.239990234375,261.29998779296875
2018-01-25,40.91319274902344,1377.949951171875,187.47999572753906,1170.3699951171875,269.70001220703125
2018-01-26,41.00883483886719,1402.050048828125,190.0,1175.8399658203125,274.6000061035156
2018-01-29,40.16001892089844,1417.6800537109375,185.97999572753906,1175.5799560546875,284.5899963378906
2018-01-30,39.92330551147461,1437.8199462890625,187.1199951171875,1163.68994140625,278.79998779296875
2018-01-31,40.03328323364258,1450.8900146484375,186.88999938964844,1169.93994140625,270.29998779296875
2018-02-01,40.11697006225586,1390.0,193.08999633789062,1167.699951171875,265.07000732421875
2018-02-02,38.376285552978516,1429.949951171875,190.27999877929688,1111.9000244140625,267.42999267578125
2018-02-05,37.41748809814453,1390.0,181.25999450683594,1055.800048828125,254.25999450683594
2018-02-06,38.98122787475586,1442.8399658203125,185.30999755859375,1080.5999755859375,265.7200012207031
2018-02-07,38.146751403808594,1416.780029296875,180.17999267578125,1048.5799560546875,264.55999755859375
2018-02-08,37.097084045410156,1350.5,171.5800018310547,1001.52001953125,250.10000610351562
2018-02-09,37.55082321166992,1339.5999755859375,176.11000061035156,1037.780029296875,249.47000122070312
2018-02-12,39.06333541870117,1386.22998046875,176.41000366210938,1051.93994140625,257.95001220703125
2018-02-13,39.45466613769531,1414.510009765625,173.14999389648438,1052.0999755859375,258.2699890136719
2018-02-14,40.18211364746094,1451.050048828125,179.52000427246094,1069.699951171875,266.0
2018-02-15,41.53135299682617,1461.760009765625,179.9600067138672,1089.52001953125,280.2699890136719
2018-02-16,41.39691162109375,1448.68994140625,177.36000061035156,1094.800048828125,278.5199890136719
2018-02-20,41.25765609741211,1468.3499755859375,176.00999450683594,1102.4599609375,278.54998779296875
2018-02-21,41.07040023803711,1482.9200439453125,177.91000366210938,1111.3399658203125,281.0400085449219
2018-02-22,41.41372299194336,1485.3399658203125,178.99000549316406,1106.6300048828125,278.1400146484375
2018-02-23,42.13395309448242,1500.0,183.2899932861328,1126.7900390625,285.92999267578125
2018-02-26,42.96703338623047,1521.949951171875,184.92999267578125,1143.75,294.1600036621094
2018-02-27,42.82777404785156,1511.97998046875,181.4600067138672,1118.2900390625,290.6099853515625
2018-02-28,42.76296615600586,1512.449951171875,178.32000732421875,1104.72998046875,291.3800048828125
2018-03-01,42.01390838623047,1493.449951171875,175.94000244140625,1069.52001953125,290.3900146484375
2018-03-02,42.304405212402344,1500.25,176.6199951171875,1078.9200439453125,301.04998779296875
2018-03-05,42.45084762573242,1523.6099853515625,180.39999389648438,1090.9300537109375,315.0
2018-03-06,42.41484069824219,1537.6400146484375,179.77999877929688,1095.06005859375,325.2200012207031
2018-03-07,42.021114349365234,1545.0,183.7100067138672,1109.6400146484375,321.1600036621094
2018-03-08,42.47966766357422,1551.8599853515625,182.33999633789062,1126.0,317.0
2018-03-09,43.20951843261719,1578.8900146484375,185.22999572753906,1160.0400390625,331.44000244140625
2018-03-12,43.62724304199219,1598.3900146484375,184.75999450683594,1164.5,321.29998779296875
2018-03-13,43.20711135864258,1588.1800537109375,181.8800048828125,1138.1700439453125,315.8800048828125
2018-03-14,42.83978271484375,1591.0,184.19000244140625,1149.489990234375,321.54998779296875
2018-03-15,42.89019775390625,1582.3199462890625,183.86000061035156,1149.5799560546875,321.0899963378906
2018-03-16,42.73894500732422,1571.6800537109375,185.08999633789062,1135.72998046875,318.45001220703125
2018-03-19,42.085933685302734,1544.9300537109375,172.55999755859375,1099.8199462890625,313.4800109863281
2018-03-20,42.071533203125,1586.510009765625,168.14999389648438,1097.7099609375,317.5
2018-03-21,41.118412017822266,1581.8599853515625,169.38999938964844,1090.8800048828125,316.4800109863281
2018-03-22,40.53742599487305,1544.9200439453125,164.88999938964844,1049.0799560546875,306.70001220703125
2018-03-23,39.59871292114258,1495.56005859375,159.38999938964844,1021.5700073242188,300.94000244140625
2018-03-26,41.4785270690918,1555.8599853515625,160.05999755859375,1053.2099609375,320.3500061035156
2018-03-27,40.414974212646484,1497.050048828125,152.22000122070312,1005.0999755859375,300.69000244140625
2018-03-28,39.96843338012695,1431.4200439453125,153.02999877929688,1004.5599975585938,285.7699890136719
2018-03-29,40.2805290222168,1447.3399658203125,159.7899932861328,1031.7900390625,295.3500061035156
2018-04-02,40.016448974609375,1371.989990234375,155.38999938964844,1006.469970703125,280.2900085449219
2018-04-03,40.42698669433594,1392.050048828125,156.11000061035156,1013.4099731445312,283.6700134277344
2018-04-04,41.200042724609375,1410.5699462890625,155.10000610351562,1025.1400146484375,288.94000244140625
2018-04-05,41.48573684692383,1451.75,159.33999633789062,1027.81005859375,293.9700012207031
2018-04-06,40.42457962036133,1405.22998046875,157.1999969482422,1007.0399780273438,288.8500061035156
2018-04-09,40.82551956176758,1406.0799560546875,157.92999267578125,1015.4500122070312,289.92999267578125
2018-04-10,41.59376907348633,1436.219970703125,165.0399932861328,1031.6400146484375,298.07000732421875
2018-04-11,41.39930725097656,1427.050048828125,166.32000732421875,1019.969970703125,303.6700134277344
2018-04-12,41.80744171142578,1448.5,163.8699951171875,1032.510009765625,309.25
2018-04-13,41.9490852355957,1430.7900390625,164.52000427246094,1029.27001953125,311.6499938964844
2018-04-16,42.21077346801758,1441.5,164.8300018310547,1037.97998046875,307.7799987792969
2018-04-17,42.791770935058594,1503.8299560546875,168.66000366210938,1074.1600341796875,336.05999755859375
2018-04-18,42.695735931396484,1527.8399658203125,166.36000061035156,1072.0799560546875,334.5199890136719
2018-04-19,41.48573684692383,1556.9100341796875,168.10000610351562,1087.699951171875,332.70001220703125
2018-04-20,39.78596878051758,1527.489990234375,166.27999877929688,1072.9599609375,327.7699890136719
2018-04-23,39.670738220214844,1517.8599853515625,165.83999633789062,1067.449951171875,318.69000244140625
2018-04-24,39.118553161621094,1460.0899658203125,159.69000244140625,1019.97998046875,307.0199890136719
2018-04-25,39.28900909423828,1460.1700439453125,159.69000244140625,1021.1799926757812,305.760009765625
2018-04-26,39.42584991455078,1517.9599609375,174.16000366210938,1040.0400390625,313.9800109863281
2018-04-27,38.969696044921875,1572.6199951171875,173.58999633789062,1030.050048828125,311.760009765625
2018-04-30,39.675540924072266,1566.1300048828125,172.0,1017.3300170898438,312.4599914550781
2018-05-01,40.59744644165039,1582.260009765625,173.86000061035156,1037.31005859375,313.29998779296875
2018-05-02,42.390830993652344,1569.6800537109375,176.07000732421875,1024.3800048828125,313.3599853515625
2018-05-03,42.4676513671875,1572.0799560546875,174.02000427246094,1023.719970703125,311.69000244140625
2018-05-04,44.13380813598633,1580.949951171875,176.61000061035156,1048.2099609375,320.0899963378906
2018-05-07,44.4531135559082,1600.1400146484375,177.97000122070312,1054.7900390625,326.260009765625
2018-05-08,44.66679000854492,1592.3900146484375,178.9199981689453,1053.9100341796875,326.8900146484375
2018-05-09,44.981292724609375,1608.0,182.66000366210938,1082.760009765625,330.29998779296875
2018-05-10,45.62470245361328,1609.0799560546875,185.52999877929688,1097.5699462890625,329.6000061035156
2018-05-11,45.45117950439453,1602.9100341796875,186.99000549316406,1098.260009765625,326.4599914550781
2018-05-14,45.34514236450195,1601.5400390625,186.63999938964844,1100.199951171875,328.5299987792969
2018-05-15,44.93301773071289,1576.1199951171875,184.32000732421875,1079.22998046875,326.1300048828125
2018-05-16,45.35236740112305,1587.280029296875,183.1999969482422,1081.77001953125,328.19000244140625
2018-05-17,45.06557083129883,1581.760009765625,183.75999450683594,1078.5899658203125,325.2200012207031
2018-05-18,44.90169143676758,1574.3699951171875,182.67999267578125,1066.3599853515625,324.17999267578125
2018-05-21,45.219818115234375,1585.4599609375,184.49000549316406,1079.5799560546875,331.82000732421875
2018-05-22,45.106544494628906,1581.4000244140625,183.8000030517578,1069.72998046875,331.6199951171875
2018-05-23,45.395751953125,1601.8599853515625,186.89999389648438,1079.68994140625,344.7200012207031
2018-05-24,45.34514236450195,1603.0699462890625,185.92999267578125,1079.239990234375,349.2900085449219
2018-05-25,45.44877243041992,1610.1500244140625,184.9199981689453,1075.6600341796875,351.2900085449219
2018-05-29,45.284881591796875,1612.8699951171875,185.74000549316406,1060.3199462890625,349.7300109863281
2018-05-30,45.1884880065918,1624.8900146484375,187.6699981689453,1067.800048828125,353.5400085449219
2018-05-31,45.03666305541992,1629.6199951171875,191.77999877929688,1084.989990234375,351.6000061035156
2018-06-01,45.848846435546875,1641.5400390625,193.99000549316406,1119.5,359.92999267578125
2018-06-04,46.2320442199707,1665.27001953125,193.27999877929688,1139.2900390625,361.80999755859375
2018-06-05,46.58872604370117,1696.3499755859375,192.94000244140625,1139.6600341796875,365.79998779296875
2018-06-06,46.75020217895508,1695.75,191.33999633789062,1136.8800048828125,367.45001220703125
2018-06-07,46.6248779296875,1689.300048828125,188.17999267578125,1123.8599853515625,361.3999938964844
2018-06-08,46.20071029663086,1683.989990234375,189.10000610351562,1120.8699951171875,360.57000732421875
2018-06-11,46.08744430541992,1689.1199951171875,191.5399932861328,1129.989990234375,361.45001220703125
2018-06-12,46.340492248535156,1698.75,192.39999389648438,1139.3199462890625,363.8299865722656
2018-06-13,45.95970153808594,1704.8599853515625,192.41000366210938,1134.7900390625,379.92999267578125
2018-06-14,45.983802795410156,1723.8599853515625,196.80999755859375,1152.1199951171875,392.8699951171875
2018-06-15,45.51143264770508,1715.969970703125,195.85000610351562,1152.260009765625,391.9800109863281
2018-06-18,45.487335205078125,1723.7900390625,198.30999755859375,1173.4599609375,390.3999938964844
2018-06-19,44.75226593017578,1734.780029296875,197.49000549316406,1168.06005859375,404.9800109863281
2018-06-20,44.94748306274414,1750.0799560546875,202.0,1169.8399658203125,416.760009765625
2018-06-21,44.696834564208984,1730.219970703125,201.5,1157.6600341796875,415.44000244140625
2018-06-22,44.56668472290039,1715.6700439453125,201.74000549316406,1155.47998046875,411.0899963378906
2018-06-25,43.903926849365234,1663.1500244140625,196.35000610351562,1124.81005859375,384.4800109863281
2018-06-26,44.44859313964844,1691.0899658203125,199.0,1118.4599609375,399.3900146484375
2018-06-27,44.38352966308594,1660.510009765625,195.83999633789062,1103.97998046875,390.3900146484375
2018-06-28,44.70647048950195,1701.449951171875,196.22999572753906,1114.219970703125,395.4200134277344
2018-06-29,44.61248779296875,1699.800048828125,194.32000732421875,1115.6500244140625,391.42999267578125
2018-07-02,45.11136245727539,1713.780029296875,197.36000061035156,1127.4599609375,398.17999267578125
2018-07-03,44.325687408447266,1693.9599609375,192.72999572753906,1102.8900146484375,390.5199890136719
2018-07-05,44.682369232177734,1699.72998046875,198.4499969482422,1124.27001953125,398.3900146484375
2018-07-06,45.301761627197266,1710.6300048828125,203.22999572753906,1140.1700439453125,408.25
2018-07-09,45.930789947509766,1739.02001953125,204.74000549316406,1154.050048828125,418.9700012207031
2018-07-10,45.87534713745117,1743.0699462890625,203.5399932861328,1152.8399658203125,415.6300048828125
2018-07-11,45.280067443847656,1755.0,202.5399932861328,1153.9000244140625,418.6499938964844
2018-07-12,46.03923416137695,1796.6199951171875,206.9199981689453,1183.47998046875,413.5
2018-07-13,46.111541748046875,1813.030029296875,207.32000732421875,1188.8199462890625,395.79998779296875
2018-07-16,46.01031494140625,1822.489990234375,207.22999572753906,1183.8599853515625,400.4800109863281
2018-07-17,46.14045715332031,1843.9300537109375,209.99000549316406,1198.800048828125,379.4800109863281
2018-07-18,45.887393951416016,1842.9200439453125,209.36000061035156,1195.8800048828125,375.1300048828125
2018-07-19,46.24409103393555,1812.969970703125,208.08999633789062,1186.9599609375,364.2300109863281
2018-07-20,46.1380500793457,1813.699951171875,209.94000244140625,1184.9100341796875,361.04998779296875
2018-07-23,46.179019927978516,1802.0,210.91000366210938,1205.5,362.6600036621094
2018-07-24,46.514015197753906,1829.239990234375,214.6699981689453,1248.0799560546875,357.32000732421875
2018-07-25,46.9526481628418,1863.6099853515625,217.5,1263.699951171875,362.8699951171875
2018-07-26,46.80562973022461,1808.0,176.25999450683594,1268.3299560546875,363.0899963378906
2018-07-27,46.027183532714844,1817.27001953125,174.88999938964844,1238.5,355.2099914550781
2018-07-30,45.769309997558594,1779.219970703125,171.05999755859375,1219.739990234375,334.9599914550781
2018-07-31,45.86089324951172,1777.43994140625,172.5800018310547,1217.260009765625,337.45001220703125
2018-08-01,48.562564849853516,1797.1700439453125,171.64999389648438,1220.010009765625,338.3800048828125
2018-08-02,49.98208999633789,1834.3299560546875,176.3699951171875,1226.1500244140625,344.5
2018-08-03,50.126686096191406,1823.2900390625,177.77999877929688,1223.7099609375,343.0899963378906
2018-08-06,50.38697052001953,1847.75,185.69000244140625,1224.77001953125,350.9200134277344
2018-08-07,49.91460418701172,1862.47998046875,183.80999755859375,1242.219970703125,351.8299865722656
2018-08-08,49.948341369628906,1886.52001953125,185.17999267578125,1245.6099853515625,347.6099853515625
2018-08-09,50.34117889404297,1898.52001953125,183.08999633789062,1249.0999755859375,349.3599853515625
2018-08-10,50.19123458862305,1886.300048828125,180.25999450683594,1237.6099853515625,345.8699951171875
2018-08-13,50.51530456542969,1896.199951171875,180.0500030517578,1235.010009765625,341.30999755859375
2018-08-14,50.7281379699707,1919.6500244140625,181.11000061035156,1242.0999755859375,337.489990234375
2018-08-15,50.846649169921875,1882.6199951171875,179.52999877929688,1214.3800048828125,326.3999938964844
2018-08-16,51.591552734375,1886.52001953125,174.6999969482422,1206.489990234375,322.44000244140625
2018-08-17,52.6218376159668,1882.219970703125,173.8000030517578,1200.9599609375,316.7799987792969
2018-08-20,52.10910415649414,1876.7099609375,172.5,1207.77001953125,327.7300109863281
2018-08-21,52.00752639770508,1883.4200439453125,172.6199951171875,1201.6199951171875,338.0199890136719
2018-08-22,52.009944915771484,1904.9000244140625,173.63999938964844,1207.3299560546875,344.44000244140625
2018-08-23,52.11635971069336,1902.9000244140625,172.89999389648438,1205.3800048828125,339.1700134277344
2018-08-24,52.27840042114258,1905.3900146484375,174.64999389648438,1220.6500244140625,358.82000732421875
2018-08-27,52.70889663696289,1927.6800537109375,177.4600067138672,1241.8199462890625,364.5799865722656
2018-08-28,53.134552001953125,1932.8199462890625,176.25999450683594,1231.1500244140625,368.489990234375
2018-08-29,53.92782974243164,1998.0999755859375,175.89999389648438,1249.300048828125,368.0400085449219
2018-08-30,54.42361831665039,2002.3800048828125,177.63999938964844,1239.1199951171875,370.9800109863281
2018-08-31,55.05242919921875,2012.7099609375,175.72999572753906,1218.18994140625,367.67999267578125
2018-09-04,55.228981018066406,2039.510009765625,171.16000366210938,1197.0,363.6000061035156
2018-09-05,54.86861801147461,1994.8199462890625,167.17999267578125,1186.47998046875,341.17999267578125
2018-09-06,53.956844329833984,1958.31005859375,162.52999877929688,1171.43994140625,346.4599914550781
2018-09-07,53.52151870727539,1952.0699462890625,163.0399932861328,1164.8299560546875,348.67999267578125
2018-09-10,52.803218841552734,1939.010009765625,164.17999267578125,1164.6400146484375,348.4100036621094
2018-09-11,54.13823318481445,1987.1500244140625,165.94000244140625,1177.3599853515625,355.92999267578125
2018-09-12,53.46589279174805,1990.0,162.0,1162.8199462890625,369.95001220703125
2018-09-13,54.75736999511719,1989.8699951171875,161.36000061035156,1175.3299560546875,368.1499938964844
2018-09-14,54.13581466674805,1970.18994140625,162.32000732421875,1172.530029296875,364.55999755859375
2018-09-17,52.69439697265625,1908.030029296875,160.5800018310547,1156.050048828125,350.3500061035156
2018-09-18,52.78145980834961,1941.050048828125,160.3000030517578,1161.219970703125,367.6499938964844
2018-09-19,52.81289291381836,1926.4200439453125,163.05999755859375,1171.0899658203125,366.9599914550781
2018-09-20,53.2143669128418,1944.300048828125,166.02000427246094,1186.8699951171875,365.3599853515625
2018-09-21,52.641178131103516,1915.010009765625,162.92999267578125,1166.0899658203125,361.19000244140625
2018-09-24,53.39816665649414,1934.3599853515625,165.41000366210938,1173.3699951171875,369.6099853515625
2018-09-25,53.73676681518555,1974.550048828125,164.91000366210938,1184.6500244140625,369.42999267578125
2018-09-26,53.30868911743164,1974.8499755859375,166.9499969482422,1180.489990234375,377.8800048828125
2018-09-27,54.40427017211914,2012.97998046875,168.83999633789062,1194.6400146484375,380.7099914550781
2018-09-28,54.5953254699707,2003.0,164.4600067138672,1193.469970703125,374.1300048828125
2018-10-01,54.96293640136719,2004.3599853515625,162.44000244140625,1195.31005859375,381.42999267578125
2018-10-02,55.45148468017578,1971.31005859375,159.3300018310547,1200.1099853515625,377.1400146484375
2018-10-03,56.126251220703125,1952.760009765625,162.42999267578125,1202.949951171875,377.04998779296875
2018-10-04,55.13949203491211,1909.4200439453125,158.85000610351562,1168.18994140625,363.6499938964844
2018-10-05,54.244651794433594,1889.6500244140625,157.3300018310547,1157.3499755859375,351.3500061035156
2018-10-08,54.1188850402832,1864.4200439453125,157.25,1148.969970703125,349.1000061035156
2018-10-09,54.86861801147461,1870.3199462890625,157.89999389648438,1138.8199462890625,355.7099914550781
2018-10-10,52.3267822265625,1755.25,151.3800048828125,1081.219970703125,325.8900146484375
2018-10-11,51.864837646484375,1719.3599853515625,153.35000610351562,1079.3199462890625,321.1000061035156
2018-10-12,53.71741485595703,1788.6099853515625,153.74000549316406,1110.0799560546875,339.55999755859375
2018-10-15,52.56863021850586,1760.949951171875,153.52000427246094,1092.25,333.1300048828125
2018-10-16,53.727081298828125,1819.9599609375,158.77999877929688,1121.280029296875,346.3999938964844
2018-10-17,53.494911193847656,1831.72998046875,159.4199981689453,1115.68994140625,364.70001220703125
2018-10-18,52.24454879760742,1770.719970703125,154.9199981689453,1087.969970703125,346.7099914550781
2018-10-19,53.04023742675781,1764.030029296875,154.0500030517578,1096.4599609375,332.6700134277344
2018-10-22,53.36431121826172,1789.300048828125,154.77999877929688,1101.1600341796875,329.5400085449219
2018-10-23,53.86735916137695,1768.699951171875,154.38999938964844,1103.68994140625,333.1600036621094
2018-10-24,52.019615173339844,1664.199951171875,146.0399932861328,1050.7099609375,301.8299865722656
2018-10-25,53.15874481201172,1782.1700439453125,150.9499969482422,1095.5699462890625,312.8699951171875
2018-10-26,52.31226348876953,1642.81005859375,145.3699951171875,1071.469970703125,299.8299865722656
2018-10-29,51.33034896850586,1538.8800048828125,142.08999633789062,1020.0800170898438,284.8399963378906
2018-10-30,51.58671569824219,1530.4200439453125,146.22000122070312,1036.2099609375,285.80999755859375
2018-10-31,52.931400299072266,1598.010009765625,151.7899932861328,1076.77001953125,301.7799987792969
2018-11-01,53.744014739990234,1665.530029296875,151.75,1070.0,317.3800048828125
2018-11-02,50.17913818359375,1665.530029296875,150.35000610351562,1057.7900390625,309.1000061035156
2018-11-05,48.754638671875,1627.800048828125,148.67999267578125,1040.0899658203125,315.44000244140625
2018-11-06,49.28187561035156,1642.81005859375,149.94000244140625,1055.81005859375,310.8399963378906
2018-11-07,50.776512145996094,1755.489990234375,151.52999877929688,1093.3900146484375,327.5
2018-11-08,50.59934616088867,1754.9100341796875,147.8699951171875,1082.4000244140625,317.9200134277344
2018-11-09,49.623714447021484,1712.4300537109375,144.9600067138672,1066.1500244140625,303.4700012207031
2018-11-12,47.12396240234375,1636.8499755859375,141.5500030517578,1038.6300048828125,294.07000732421875
2018-11-13,46.65313720703125,1631.1700439453125,142.16000366210938,1036.050048828125,294.3999938964844
2018-11-14,45.33530807495117,1599.010009765625,144.22000122070312,1043.6600341796875,286.7300109863281
2018-11-15,46.454124450683594,1619.43994140625,143.85000610351562,1064.7099609375,290.05999755859375
2018-11-16,46.96864318847656,1593.4100341796875,139.52999877929688,1061.489990234375,286.2099914550781
2018-11-19,45.107173919677734,1512.2900390625,131.5500030517578,1020.0,270.6000061035156
2018-11-20,42.95204544067383,1495.4599609375,132.42999267578125,1025.760009765625,266.9800109863281
2018-11-21,42.903507232666016,1516.72998046875,134.82000732421875,1037.6099853515625,262.1300048828125
2018-11-23,41.81381607055664,1502.06005859375,131.72999572753906,1023.8800048828125,258.82000732421875
2018-11-26,42.37929153442383,1581.3299560546875,136.3800048828125,1048.6199951171875,261.42999267578125
2018-11-27,42.28707504272461,1581.4200439453125,135.0,1044.4100341796875,266.6300048828125
2018-11-28,43.913116455078125,1677.75,136.75999450683594,1086.22998046875,282.6499938964844
2018-11-29,43.57576370239258,1673.5699462890625,138.67999267578125,1088.300048828125,288.75
2018-11-30,43.34035873413086,1690.1700439453125,140.61000061035156,1094.4300537109375,286.1300048828125
2018-12-03,44.85477066040039,1772.3599853515625,141.08999633789062,1106.4300537109375,290.29998779296875
2018-12-04,42.88166809082031,1668.4000244140625,137.92999267578125,1050.8199462890625,275.3299865722656
2018-12-06,42.403560638427734,1699.18994140625,139.6300048828125,1068.72998046875,282.8800048828125
2018-12-07,40.89157485961914,1629.1300048828125,137.4199981689453,1036.5799560546875,265.1400146484375
2018-12-10,41.16096115112305,1641.030029296875,141.85000610351562,1039.550048828125,269.70001220703125
2018-12-11,40.9255485534668,1643.239990234375,142.0800018310547,1051.75,265.32000732421875
2018-12-12,41.039615631103516,1663.5400390625,144.5,1063.6800537109375,274.8800048828125
2018-12-13,41.48860168457031,1658.3800048828125,145.00999450683594,1061.9000244140625,276.0199890136719
2018-12-14,40.16106414794922,1591.9100341796875,144.05999755859375,1042.0999755859375,266.8399963378906
2018-12-17,39.787315368652344,1520.9100341796875,140.19000244140625,1016.530029296875,262.79998779296875
2018-12-18,40.30425262451172,1551.47998046875,143.66000366210938,1028.7099609375,270.94000244140625
2018-12-19,39.04710006713867,1495.0799560546875,133.24000549316406,1023.010009765625,266.7699890136719
2018-12-20,38.061763763427734,1460.8299560546875,133.39999389648438,1009.4099731445312,260.5799865722656
2018-12-21,36.5813102722168,1377.449951171875,124.94999694824219,979.5399780273438,246.38999938964844
2018-12-24,35.63481140136719,1343.9599609375,124.05999755859375,976.219970703125,233.8800048828125
2018-12-26,38.14427185058594,1470.9000244140625,134.17999267578125,1039.4599609375,253.6699981689453
2018-12-27,37.89672088623047,1461.6400146484375,134.52000427246094,1043.8800048828125,255.57000732421875
2018-12-28,37.916141510009766,1478.02001953125,133.1999969482422,1037.0799560546875,256.0799865722656
2018-12-31,38.28260040283203,1501.969970703125,131.08999633789062,1035.6099853515625,267.6600036621094
2019-01-02,38.326290130615234,1539.1300048828125,135.67999267578125,1045.8499755859375,267.6600036621094
2019-01-03,34.50871276855469,1500.280029296875,131.74000549316406,1016.0599975585938,271.20001220703125
2019-01-04,35.98186111450195,1575.3900146484375,137.9499969482422,1070.7099609375,297.57000732421875
2019-01-07,35.90177536010742,1629.510009765625,138.0500030517578,1068.3900146484375,315.3399963378906
2019-01-08,36.58617401123047,1656.5799560546875,142.52999877929688,1076.280029296875,320.2699890136719
2019-01-09,37.20747375488281,1659.4200439453125,144.22999572753906,1074.6600341796875,319.9599914550781
2019-01-10,37.326393127441406,1656.219970703125,144.1999969482422,1070.3299560546875,324.6600036621094
2019-01-11,36.95991897583008,1640.56005859375,143.8000030517578,1057.18994140625,337.5899963378906
2019-01-14,36.404151916503906,1617.2099609375,145.38999938964844,1044.68994140625,332.94000244140625
2019-01-15,37.14923095703125,1674.56005859375,148.9499969482422,1077.1500244140625,354.6400146484375
2019-01-16,37.603057861328125,1683.780029296875,147.5399932861328,1080.969970703125,351.3900146484375
2019-01-17,37.82633972167969,1693.219970703125,148.3000030517578,1089.9000244140625,353.19000244140625
2019-01-18,38.059329986572266,1696.199951171875,150.0399932861328,1098.260009765625,339.1000061035156
2019-01-22,37.20504379272461,1632.1700439453125,147.57000732421875,1070.52001953125,325.1600036621094
2019-01-23,37.35551071166992,1640.02001953125,144.3000030517578,1075.5699462890625,321.989990234375
2019-01-24,37.059425354003906,1654.9300537109375,145.8300018310547,1073.9000244140625,326.6700134277344
2019-01-25,38.287452697753906,1670.5699462890625,149.00999450683594,1090.989990234375,338.04998779296875
2019-01-28,37.933128356933594,1637.8900146484375,147.47000122070312,1070.0799560546875,335.6600036621094
2019-01-29,37.53995895385742,1593.8800048828125,144.19000244140625,1060.6199951171875,328.8999938964844
2019-01-30,40.10524368286133,1670.4300537109375,150.4199981689453,1089.06005859375,340.6600036621094
2019-01-31,40.39405059814453,1718.72998046875,166.69000244140625,1116.3699951171875,339.5
2019-02-01,40.41346740722656,1626.22998046875,165.7100067138672,1110.75,339.8500061035156
2019-02-04,41.561405181884766,1633.31005859375,169.25,1132.800048828125,351.3399963378906
2019-02-05,42.27249526977539,1658.81005859375,171.16000366210938,1145.989990234375,355.80999755859375
2019-02-06,42.28707504272461,1640.260009765625,170.49000549316406,1115.22998046875,352.19000244140625
2019-02-07,41.486175537109375,1614.3699951171875,166.3800048828125,1098.7099609375,344.7099914550781
2019-02-08,41.53491973876953,1588.219970703125,167.3300018310547,1095.06005859375,347.57000732421875
2019-02-11,41.296058654785156,1591.0,165.7899932861328,1095.010009765625,345.7300109863281
2019-02-12,41.65191650390625,1638.010009765625,165.0399932861328,1121.3699951171875,359.9700012207031
2019-02-13,41.47886276245117,1640.0,164.07000732421875,1120.1600341796875,351.7699890136719
2019-02-14,41.629974365234375,1622.6500244140625,163.9499969482422,1121.6700439453125,359.07000732421875
2019-02-15,41.537353515625,1607.949951171875,162.5,1113.6500244140625,356.8699951171875
2019-02-19,41.661659240722656,1627.5799560546875,162.2899932861328,1118.56005859375,361.9200134277344
2019-02-20,41.92976760864258,1622.0999755859375,162.55999755859375,1113.800048828125,359.9100036621094
2019-02-21,41.69335174560547,1619.43994140625,160.0399932861328,1096.969970703125,356.9700012207031
2019-02-22,42.15888595581055,1631.56005859375,161.88999938964844,1110.3699951171875,363.0199890136719
2019-02-25,42.46598815917969,1633.0,164.6199951171875,1109.4000244140625,363.9100036621094
2019-02-26,42.490360260009766,1636.4000244140625,164.1300048828125,1115.1300048828125,364.9700012207031
2019-02-27,42.621971130371094,1641.0899658203125,162.80999755859375,1116.050048828125,362.8699951171875
2019-02-28,42.20275115966797,1639.8299560546875,161.4499969482422,1119.9200439453125,358.1000061035156
2019-03-01,42.64634704589844,1671.72998046875,162.27999877929688,1140.989990234375,357.32000732421875
2019-03-04,42.860836029052734,1696.1700439453125,167.3699951171875,1147.800048828125,351.0400085449219
2019-03-05,42.782840728759766,1692.4300537109375,171.25999450683594,1162.030029296875,354.29998779296875
2019-03-06,42.53667068481445,1668.949951171875,172.50999450683594,1157.8599853515625,359.6099853515625
2019-03-07,42.04432678222656,1625.949951171875,169.1300048828125,1143.300048828125,352.6000061035156
2019-03-08,42.14426040649414,1620.800048828125,169.60000610351562,1142.3199462890625,349.6000061035156
2019-03-11,43.60422897338867,1670.6199951171875,172.07000732421875,1175.760009765625,358.8599853515625
2019-03-12,44.09414291381836,1673.0999755859375,171.9199981689453,1193.199951171875,356.2699890136719
2019-03-13,44.28913497924805,1690.81005859375,173.3699951171875,1193.3199462890625,361.2099914550781
2019-03-14,44.781463623046875,1686.219970703125,170.1699981689453,1185.550048828125,358.82000732421875
2019-03-15,45.36399841308594,1712.3599853515625,165.97999572753906,1184.4599609375,361.4599914550781
2019-03-18,45.82710266113281,1742.1500244140625,160.47000122070312,1184.260009765625,363.44000244140625
2019-03-19,45.463924407958984,1761.8499755859375,161.57000732421875,1198.8499755859375,358.7799987792969
2019-03-20,45.8612174987793,1797.27001953125,165.44000244140625,1223.969970703125,375.2200012207031
2019-03-21,47.55030059814453,1819.260009765625,166.0800018310547,1231.5400390625,377.8699951171875
2019-03-22,46.565616607666016,1764.77001953125,164.33999633789062,1205.5,361.010009765625
2019-03-25,46.00259017944336,1774.260009765625,166.2899932861328,1193.0,366.2300109863281
2019-03-26,45.52729797363281,1783.760009765625,167.67999267578125,1184.6199951171875,359.9700012207031
2019-03-27,45.93677520751953,1765.699951171875,165.8699951171875,1173.02001953125,353.3699951171875
2019-03-28,45.99771499633789,1773.4200439453125,165.5500030517578,1168.489990234375,354.6099853515625
2019-03-29,46.29750442504883,1780.75,166.69000244140625,1173.31005859375,356.55999755859375
2019-04-01,46.61192321777344,1814.18994140625,168.6999969482422,1194.4300537109375,366.9599914550781
2019-04-02,47.289512634277344,1813.97998046875,174.1999969482422,1200.489990234375,367.7200012207031
2019-04-03,47.61367416381836,1820.699951171875,173.5399932861328,1205.9200439453125,369.75
2019-04-04,47.69654846191406,1818.8599853515625,176.02000427246094,1215.0,367.8800048828125
2019-04-05,48.015838623046875,1837.280029296875,175.72000122070312,1207.1500244140625,365.489990234375
2019-04-08,48.77141571044922,1849.8599853515625,174.92999267578125,1203.8399658203125,361.4100036621094
2019-04-09,48.62517166137695,1835.8399658203125,177.5800018310547,1197.25,364.7099914550781
2019-04-10,48.89815902709961,1847.3299560546875,177.82000732421875,1202.1600341796875,363.9200134277344
2019-04-11,48.49112319946289,1844.0699462890625,177.50999450683594,1204.6199951171875,367.6499938964844
2019-04-12,48.47162628173828,1843.06005859375,179.10000610351562,1217.8699951171875,351.1400146484375
2019-04-15,48.55936813354492,1844.8699951171875,179.64999389648438,1221.0999755859375,348.8699951171875
2019-04-16,48.56424331665039,1863.0400390625,178.8699951171875,1227.1300048828125,359.4599914550781
2019-04-17,49.50993728637695,1864.8199462890625,178.77999877929688,1236.3399658203125,354.739990234375
2019-04-18,49.6878662109375,1861.68994140625,178.27999877929688,1236.3699951171875,360.3500061035156
2019-04-22,49.85116958618164,1887.31005859375,181.44000244140625,1248.8399658203125,377.3399963378906
2019-04-23,50.57018280029297,1923.77001953125,183.77999877929688,1264.550048828125,381.8900146484375
2019-04-24,50.4921875,1901.75,182.5800018310547,1256.0,374.2300109863281
2019-04-25,50.03396224975586,1902.25,193.25999450683594,1263.449951171875,368.3299865722656
2019-04-26,49.795101165771484,1950.6300048828125,191.49000549316406,1272.1800537109375,374.8500061035156
2019-04-29,49.87065887451172,1938.4300537109375,194.77999877929688,1287.5799560546875,371.8299865722656
2019-04-30,48.91034698486328,1926.52001953125,193.39999389648438,1188.47998046875,370.5400085449219
2019-05-01,51.31114196777344,1911.52001953125,193.02999877929688,1168.0799560546875,378.80999755859375
2019-05-02,50.97722244262695,1900.8199462890625,192.52999877929688,1162.6099853515625,379.05999755859375
2019-05-03,51.610931396484375,1962.4599609375,195.47000122070312,1185.4000244140625,385.0299987792969
2019-05-06,50.81391906738281,1950.550048828125,193.8800048828125,1189.3900146484375,378.6700134277344
2019-05-07,49.444129943847656,1921.0,189.77000427246094,1174.0999755859375,370.4599914550781
2019-05-08,49.45387649536133,1917.77001953125,189.5399932861328,1166.27001953125,364.3699951171875
2019-05-09,48.92253494262695,1899.8699951171875,188.64999389648438,1162.3800048828125,362.75
2019-05-10,48.244789123535156,1889.97998046875,188.33999633789062,1164.27001953125,361.0400085449219
2019-05-13,45.44082260131836,1822.6800537109375,181.5399932861328,1132.030029296875,345.260009765625
2019-05-14,46.16017532348633,1840.1199951171875,180.72999572753906,1120.43994140625,345.6099853515625
2019-05-15,46.71312713623047,1871.1500244140625,186.27000427246094,1164.2099609375,354.989990234375
2019-05-16,46.507598876953125,1907.5699462890625,186.99000549316406,1178.97998046875,359.30999755859375
2019-05-17,46.24336624145508,1869.0,185.3000030517578,1162.300048828125,354.45001220703125
2019-05-20,44.797332763671875,1858.969970703125,182.72000122070312,1138.8499755859375,348.1099853515625
2019-05-21,45.65614318847656,1857.52001953125,184.82000732421875,1149.6300048828125,354.2699890136719
2019-05-22,44.72148132324219,1859.6800537109375,185.32000732421875,1151.4200439453125,359.7300109863281
2019-05-23,43.958106994628906,1815.47998046875,180.8699951171875,1140.77001953125,352.2099914550781
2019-05-24,43.78927993774414,1823.280029296875,181.05999755859375,1133.469970703125,354.3900146484375
2019-05-28,43.60821533203125,1836.4300537109375,184.30999755859375,1134.1500244140625,355.05999755859375
2019-05-29,43.40024948120117,1819.18994140625,182.19000244140625,1116.4599609375,349.19000244140625
2019-05-30,43.6253547668457,1816.3199462890625,183.00999450683594,1117.949951171875,351.8500061035156
2019-05-31,42.835052490234375,1775.0699462890625,177.47000122070312,1103.6300048828125,343.2799987792969
2019-06-03,42.4019775390625,1692.68994140625,164.14999389648438,1036.22998046875,336.6300048828125
2019-06-04,43.95321273803711,1729.56005859375,167.5,1053.050048828125,353.3999938964844
2019-06-05,44.662757873535156,1738.5,168.1699981689453,1042.219970703125,355.7300109863281
2019-06-06,45.318485260009766,1754.3599853515625,168.3300018310547,1044.3399658203125,357.1300048828125
2019-06-07,46.52473449707031,1804.030029296875,173.35000610351562,1066.0400390625,360.8699951171875
2019-06-10,47.11928939819336,1860.6300048828125,174.82000732421875,1080.3800048828125,352.010009765625
2019-06-11,47.664913177490234,1863.699951171875,178.10000610351562,1078.719970703125,351.2699890136719
2019-06-12,47.51321792602539,1855.3199462890625,175.0399932861328,1077.030029296875,345.55999755859375
2019-06-13,47.50342559814453,1870.300048828125,177.47000122070312,1088.77001953125,343.42999267578125
2019-06-14,47.15843963623047,1869.6700439453125,181.3300018310547,1085.3499755859375,339.7300109863281
2019-06-17,47.439815521240234,1886.030029296875,189.00999450683594,1092.5,350.6199951171875
2019-06-18,48.55552291870117,1901.3699951171875,188.47000122070312,1103.5999755859375,357.1199951171875
2019-06-19,48.41360855102539,1908.7900390625,187.47999572753906,1102.3299560546875,363.5199890136719
2019-06-20,48.802650451660156,1918.18994140625,189.52999877929688,1111.4200439453125,365.2099914550781
2019-06-21,48.636268615722656,1911.300048828125,191.13999938964844,1121.8800048828125,369.2099914550781
2019-06-24,48.587337493896484,1913.9000244140625,192.60000610351562,1115.52001953125,371.0400085449219
2019-06-25,47.85086441040039,1878.27001953125,188.83999633789062,1086.3499755859375,360.29998779296875
2019-06-26,48.885841369628906,1897.8299560546875,187.66000366210938,1079.800048828125,362.20001220703125
2019-06-27,48.871158599853516,1904.280029296875,189.5,1076.010009765625,370.0199890136719
2019-06-28,48.425846099853516,1893.6300048828125,193.0,1080.9100341796875,367.32000732421875
2019-07-01,49.31401062011719,1922.18994140625,193.0,1097.949951171875,374.6000061035156
2019-07-02,49.602725982666016,1934.31005859375,195.0,1111.25,375.42999267578125
2019-07-03,50.0137825012207,1939.0,197.1999969482422,1121.5799560546875,381.7200012207031
2019-07-05,49.9697380065918,1942.9100341796875,196.39999389648438,1131.5899658203125,380.54998779296875
2019-07-08,48.93966293334961,1952.3199462890625,195.75999450683594,1116.3499755859375,376.1600036621094
2019-07-09,49.2381706237793,1988.300048828125,199.2100067138672,1124.8299560546875,379.92999267578125
2019-07-10,49.72506332397461,2017.4100341796875,202.72999572753906,1140.47998046875,381.0
2019-07-11,49.362945556640625,2001.0699462890625,201.22999572753906,1144.2099609375,379.5
2019-07-12,49.742191314697266,2011.0,204.8699951171875,1144.9000244140625,373.25
2019-07-15,50.20952606201172,2020.989990234375,203.91000366210938,1150.3399658203125,366.6000061035156
2019-07-16,50.035797119140625,2009.9000244140625,203.83999633789062,1153.5799560546875,365.989990234375
2019-07-17,49.754425048828125,1992.030029296875,201.8000030517578,1146.3499755859375,362.44000244140625
2019-07-18,50.31962585449219,1977.9000244140625,200.77999877929688,1146.3299560546875,325.2099914550781
2019-07-19,49.56847381591797,1964.52001953125,198.36000061035156,1130.0999755859375,315.1000061035156
2019-07-22,50.701316833496094,1985.6300048828125,202.32000732421875,1138.0699462890625,310.6199951171875
2019-07-23,51.09768295288086,1994.489990234375,202.36000061035156,1146.2099609375,307.29998779296875
2019-07-24,51.056095123291016,2000.81005859375,204.66000366210938,1137.81005859375,317.94000244140625
2019-07-25,50.65237808227539,1973.8199462890625,200.7100067138672,1132.1199951171875,326.4599914550781
2019-07-26,50.82854461669922,1943.050048828125,199.75,1250.4100341796875,335.7799987792969
2019-07-29,51.30320358276367,1912.449951171875,195.94000244140625,1239.4100341796875,332.70001220703125
2019-07-30,51.083011627197266,1898.530029296875,197.0399932861328,1225.1400146484375,325.92999267578125
2019-07-31,52.12531280517578,1866.780029296875,194.22999572753906,1216.6800537109375,322.989990234375
2019-08-01,50.997371673583984,1855.3199462890625,192.72999572753906,1209.010009765625,319.5
2019-08-02,49.91835403442383,1823.239990234375,189.02000427246094,1193.989990234375,318.8299865722656
2019-08-05,47.30523681640625,1765.1300048828125,181.72999572753906,1152.3199462890625,307.6300048828125
2019-08-06,48.200748443603516,1787.8299560546875,184.50999450683594,1169.949951171875,310.1000061035156
2019-08-07,48.699886322021484,1793.4000244140625,185.14999389648438,1173.989990234375,304.2900085449219
2019-08-08,49.77399826049805,1832.8900146484375,190.16000366210938,1204.800048828125,315.8999938964844
2019-08-09,49.36384201049805,1807.5799560546875,187.85000610351562,1188.010009765625,308.92999267578125
2019-08-12,49.238582611083984,1784.9200439453125,185.3699951171875,1174.7099609375,310.8299865722656
2019-08-13,51.323760986328125,1824.3399658203125,188.4499969482422,1197.27001953125,312.2799987792969
2019-08-14,49.79610824584961,1762.9599609375,179.7100067138672,1164.2900390625,299.1099853515625
2019-08-15,49.54804229736328,1776.1199951171875,182.58999633789062,1167.260009765625,295.760009765625
2019-08-16,50.71711730957031,1792.5699462890625,183.6999969482422,1177.5999755859375,302.79998779296875
2019-08-19,51.66269302368164,1816.1199951171875,186.1699981689453,1198.449951171875,309.3800048828125
2019-08-20,51.6651496887207,1801.3800048828125,183.80999755859375,1182.68994140625,298.989990234375
2019-08-21,52.225120544433594,1823.5400390625,183.5500030517578,1191.25,297.80999755859375
2019-08-22,52.18091583251953,1804.6600341796875,182.0399932861328,1189.530029296875,296.92999267578125
2019-08-23,49.76909255981445,1749.6199951171875,177.75,1151.2900390625,291.44000244140625
2019-08-26,50.71466827392578,1768.8699951171875,180.36000061035156,1168.8900146484375,294.9800109863281
2019-08-27,50.14240264892578,1761.8299560546875,181.3000030517578,1167.8399658203125,291.0299987792969
2019-08-28,50.478878021240234,1764.25,181.75999450683594,1171.02001953125,291.7699890136719
2019-08-29,51.33357620239258,1786.4000244140625,185.57000732421875,1192.8499755859375,296.7799987792969
2019-08-30,51.267269134521484,1776.2900390625,185.6699981689453,1188.0999755859375,293.75
2019-09-03,50.52063751220703,1789.8399658203125,182.38999938964844,1168.3900146484375,289.2900085449219
2019-09-04,51.377784729003906,1800.6199951171875,187.13999938964844,1181.4100341796875,291.5199890136719
2019-09-05,52.38230514526367,1840.719970703125,190.89999389648438,1211.3800048828125,293.25
2019-09-06,52.37738800048828,1833.510009765625,187.49000549316406,1204.9300537109375,290.1700134277344
2019-09-09,52.600894927978516,1831.3499755859375,188.75999450683594,1204.4100341796875,294.3399963378906
2019-09-10,53.22226333618164,1820.550048828125,186.1699981689453,1206.0,287.989990234375
2019-09-11,54.91448211669922,1822.989990234375,188.49000549316406,1220.1700439453125,288.2699890136719
2019-09-12,54.79167556762695,1843.550048828125,187.47000122070312,1234.25,288.8599853515625
2019-09-13,53.72576141357422,1839.3399658203125,187.19000244140625,1239.56005859375,294.1499938964844
2019-09-16,54.008201599121094,1807.8399658203125,186.22000122070312,1231.300048828125,294.2900085449219
2019-09-17,54.204689025878906,1822.550048828125,188.0800018310547,1229.1500244140625,298.6000061035156
2019-09-18,54.71308517456055,1817.4599609375,188.13999938964844,1232.4100341796875,291.55999755859375
2019-09-19,54.2685432434082,1821.5,190.13999938964844,1238.7099609375,286.6000061035156
2019-09-20,53.47524642944336,1794.1600341796875,189.92999267578125,1229.9300537109375,270.75
2019-09-23,53.71839141845703,1785.300048828125,186.82000732421875,1234.030029296875,265.9200134277344
2019-09-24,53.46296310424805,1741.6099853515625,181.27999877929688,1218.760009765625,254.58999633789062
2019-09-25,54.285736083984375,1768.3299560546875,182.8000030517578,1246.52001953125,264.75
2019-09-26,54.0057487487793,1739.8399658203125,180.11000061035156,1241.3900146484375,263.30999755859375
2019-09-27,53.74295425415039,1725.449951171875,177.10000610351562,1225.0899658203125,263.0799865722656
2019-09-30,55.007808685302734,1735.9100341796875,178.0800018310547,1219.0,267.6199951171875
2019-10-01,55.16008377075195,1735.6500244140625,175.80999755859375,1205.0999755859375,269.5799865722656
2019-10-02,53.77733612060547,1713.22998046875,174.60000610351562,1176.6300048828125,268.0299987792969
2019-10-03,54.234153747558594,1724.4200439453125,179.3800048828125,1187.8299560546875,268.1499938964844
2019-10-04,55.75444030761719,1739.6500244140625,180.4499969482422,1209.0,272.7900085449219
2019-10-07,55.766719818115234,1732.6600341796875,179.67999267578125,1207.6800537109375,274.4599914550781
2019-10-08,55.11341857910156,1705.510009765625,177.75,1189.1300048828125,270.7200012207031
2019-10-09,55.75935745239258,1721.989990234375,179.85000610351562,1202.31005859375,267.5299987792969
2019-10-10,56.510902404785156,1720.260009765625,180.02999877929688,1208.6700439453125,280.4800109863281
2019-10-11,58.01399612426758,1731.9200439453125,184.19000244140625,1215.449951171875,282.92999267578125
2019-10-14,57.930484771728516,1736.4300537109375,183.27999877929688,1217.1400146484375,285.5299987792969
2019-10-15,57.795413970947266,1767.3800048828125,188.88999938964844,1243.010009765625,284.25
2019-10-16,57.562076568603516,1777.4300537109375,189.5500030517578,1243.6400146484375,286.2799987792969
2019-10-17,57.78558349609375,1787.47998046875,190.38999938964844,1253.0699462890625,293.3500061035156
2019-10-18,58.0631217956543,1757.510009765625,185.85000610351562,1245.489990234375,275.29998779296875
2019-10-21,59.070091247558594,1785.6600341796875,189.75999450683594,1246.1500244140625,278.04998779296875
2019-10-22,58.93501663208008,1765.72998046875,182.33999633789062,1242.800048828125,266.69000244140625
2019-10-23,59.7258415222168,1762.1700439453125,186.14999389648438,1259.1300048828125,271.2699890136719
2019-10-24,59.8240966796875,1780.780029296875,186.3800048828125,1260.989990234375,271.5
2019-10-25,60.56090545654297,1761.3299560546875,187.88999938964844,1265.1300048828125,276.82000732421875
2019-10-28,61.167545318603516,1777.0799560546875,189.39999389648438,1290.0,281.8599853515625
2019-10-29,59.75286865234375,1762.7099609375,189.30999755859375,1262.6199951171875,281.2099914550781
2019-10-30,59.74549865722656,1779.989990234375,188.25,1261.2900390625,291.45001220703125
2019-10-31,61.096317291259766,1776.6600341796875,191.64999389648438,1260.1099853515625,287.4100036621094
2019-11-01,62.830284118652344,1791.43994140625,193.6199951171875,1273.739990234375,286.80999755859375
2019-11-04,63.24290084838867,1804.6600341796875,194.72000122070312,1291.3699951171875,292.8599853515625
2019-11-05,63.15202331542969,1801.7099609375,194.32000732421875,1292.030029296875,288.0299987792969
2019-11-06,63.17903137207031,1795.77001953125,191.5500030517578,1291.800048828125,288.5899963378906
2019-11-07,63.908203125,1788.199951171875,190.4199981689453,1308.8599853515625,289.57000732421875
2019-11-08,64.08311462402344,1785.8800048828125,190.83999633789062,1311.3699951171875,291.57000732421875
2019-11-11,64.59056854248047,1771.6500244140625,189.61000061035156,1299.18994140625,294.17999267578125
2019-11-12,64.53144836425781,1778.0,194.47000122070312,1298.800048828125,292.010009765625
2019-11-13,65.14976501464844,1753.1099853515625,193.19000244140625,1298.0,283.1099853515625
2019-11-14,64.69895935058594,1754.5999755859375,193.14999389648438,1311.4599609375,289.6199951171875
2019-11-15,65.46754455566406,1739.489990234375,195.10000610351562,1334.8699951171875,295.0299987792969
2019-11-18,65.79763793945312,1752.530029296875,197.39999389648438,1320.699951171875,302.57000732421875
2019-11-19,65.59810638427734,1752.7900390625,199.32000732421875,1315.4599609375,302.6000061035156
2019-11-20,64.83443450927734,1745.530029296875,197.50999450683594,1303.050048828125,305.1600036621094
2019-11-21,64.54376220703125,1734.7099609375,197.92999267578125,1301.3499755859375,311.69000244140625
2019-11-22,64.48710632324219,1745.719970703125,198.82000732421875,1295.3399658203125,310.4800109863281
2019-11-25,65.61781311035156,1773.8399658203125,199.7899932861328,1306.68994140625,315.54998779296875
2019-11-26,65.10542297363281,1796.93994140625,198.97000122070312,1313.550048828125,312.489990234375
2019-11-27,65.97992706298828,1818.510009765625,202.0,1312.989990234375,315.92999267578125
2019-11-29,65.83458709716797,1800.800048828125,201.63999938964844,1304.9599609375,314.6600036621094
2019-12-02,65.07340240478516,1781.5999755859375,199.6999969482422,1289.9200439453125,309.989990234375
2019-12-03,63.91314697265625,1769.9599609375,198.82000732421875,1295.280029296875,306.1600036621094
2019-12-04,64.47724914550781,1760.68994140625,198.7100067138672,1320.5400390625,304.32000732421875
2019-12-05,65.4231948852539,1740.47998046875,199.36000061035156,1328.1300048828125,302.8599853515625
2019-12-06,66.68692016601562,1751.5999755859375,201.0500030517578,1340.6199951171875,307.3500061035156
2019-12-09,65.75330352783203,1749.510009765625,201.33999633789062,1343.56005859375,302.5
2019-12-10,66.1375961303711,1739.2099609375,200.8699951171875,1344.6600341796875,293.1199951171875
2019-12-11,66.70169830322266,1748.719970703125,202.25999450683594,1345.02001953125,298.92999267578125
2019-12-12,66.87168884277344,1760.3299560546875,196.75,1350.27001953125,298.44000244140625
2019-12-13,67.78067779541016,1760.93994140625,194.11000061035156,1347.8299560546875,298.5
2019-12-16,68.94094848632812,1769.2099609375,197.9199981689453,1361.1700439453125,304.2099914550781
2019-12-17,69.0764389038086,1790.6600341796875,198.38999938964844,1355.1199951171875,315.4800109863281
2019-12-18,68.91139221191406,1784.030029296875,202.5,1352.6199951171875,320.79998779296875
2019-12-19,68.98036193847656,1792.280029296875,206.05999755859375,1356.0400390625,332.2200012207031
2019-12-20,68.83749389648438,1786.5,206.3000030517578,1349.5899658203125,336.8999938964844
2019-12-23,69.9607925415039,1793.0,206.17999267578125,1348.8399658203125,333.1000061035156
2019-12-24,70.02730560302734,1789.2099609375,205.1199951171875,1343.56005859375,333.20001220703125
2019-12-26,71.41667938232422,1868.77001953125,207.7899932861328,1360.4000244140625,332.6300048828125
2019-12-27,71.38957214355469,1869.800048828125,208.10000610351562,1351.8900146484375,329.0899963378906
2019-12-30,71.81327819824219,1846.8900146484375,204.41000366210938,1336.1400146484375,323.30999755859375
2019-12-31,72.3379898071289,1847.8399658203125,205.25,1337.02001953125,323.57000732421875
2020-01-02,73.98847198486328,1898.010009765625,209.77999877929688,1367.3699951171875,329.80999755859375
2020-01-03,73.26914978027344,1874.969970703125,208.6699981689453,1360.6600341796875,325.8999938964844
2020-01-06,73.85296630859375,1902.8800048828125,212.60000610351562,1394.2099609375,335.8299865722656
2020-01-07,73.50565338134766,1906.8599853515625,213.05999755859375,1393.3399658203125,330.75
2020-01-08,74.6880874633789,1891.969970703125,215.22000122070312,1404.3199462890625,339.260009765625
2020-01-09,76.27452087402344,1901.050048828125,218.3000030517578,1419.8299560546875,335.6600036621094
2020-01-10,76.44694519042969,1883.1600341796875,218.05999755859375,1429.72998046875,329.04998779296875
2020-01-13,78.08018493652344,1891.300048828125,221.91000366210938,1439.22998046875,338.9200134277344
2020-01-14,77.0258560180664,1869.43994140625,219.05999755859375,1430.8800048828125,338.69000244140625
2020-01-15,76.69575500488281,1862.02001953125,221.14999389648438,1439.199951171875,339.07000732421875
2020-01-16,77.656494140625,1877.93994140625,221.77000427246094,1451.699951171875,338.6199951171875
2020-01-17,78.51622772216797,1864.719970703125,222.13999938964844,1480.3900146484375,339.6700134277344
2020-01-21,77.98411560058594,1892.0,221.44000244140625,1484.4000244140625,338.1099853515625
2020-01-22,78.26249694824219,1887.4599609375,221.32000732421875,1485.949951171875,326.0
2020-01-23,78.63938903808594,1884.5799560546875,219.75999450683594,1486.6500244140625,349.6000061035156
2020-01-24,78.41275024414062,1861.6400146484375,217.94000244140625,1466.7099609375,353.1600036621094
2020-01-27,76.10700988769531,1828.3399658203125,214.8699951171875,1433.9000244140625,342.8800048828125
2020-01-28,78.26002502441406,1853.25,217.7899932861328,1452.56005859375,348.5199890136719
2020-01-29,79.89818572998047,1858.0,223.22999572753906,1458.6300048828125,343.1600036621094
2020-01-30,79.78240203857422,1870.6800537109375,209.52999877929688,1455.8399658203125,347.739990234375
2020-01-31,76.24495697021484,2008.719970703125,201.91000366210938,1434.22998046875,345.0899963378906
2020-02-03,76.03556060791016,2004.199951171875,204.19000244140625,1485.93994140625,358.0
2020-02-04,78.5457763671875,2049.669921875,209.8300018310547,1447.0699462890625,369.010009765625
2020-02-05,79.18627166748047,2039.8699951171875,210.11000061035156,1448.22998046875,369.6700134277344
2020-02-06,80.11249542236328,2050.22998046875,210.85000610351562,1476.22998046875,366.95001220703125
2020-02-07,79.0235595703125,2079.280029296875,212.3300018310547,1479.22998046875,366.7699890136719
2020-02-10,79.39889526367188,2133.909912109375,213.05999755859375,1508.6800537109375,371.07000732421875
2020-02-11,78.91984558105469,2150.800048828125,207.19000244140625,1508.7900390625,373.69000244140625
2020-02-12,80.79402923583984,2160.0,210.75999450683594,1518.27001953125,380.010009765625
2020-02-13,80.21868133544922,2149.8701171875,213.13999938964844,1514.6600341796875,381.3999938964844
2020-02-14,80.23844146728516,2134.8701171875,214.17999267578125,1520.739990234375,380.3999938964844
2020-02-18,78.76922607421875,2155.669921875,217.8000030517578,1519.6700439453125,387.7799987792969
2020-02-19,79.91001892089844,2170.219970703125,217.49000549316406,1526.68994140625,386.19000244140625
2020-02-20,79.0902328491211,2153.10009765625,214.5800018310547,1518.1500244140625,386.0
2020-02-21,77.3000259399414,2095.969970703125,210.17999267578125,1485.1099853515625,380.07000732421875
2020-02-24,73.62823486328125,2009.2900390625,200.72000122070312,1421.5899658203125,368.70001220703125
2020-02-25,71.13429260253906,1972.739990234375,196.77000427246094,1388.449951171875,360.0899963378906
2020-02-26,72.26273345947266,1979.5899658203125,197.1999969482422,1393.1800537109375,379.239990234375
2020-02-27,67.53905487060547,1884.300048828125,189.75,1318.0899658203125,371.7099914550781
2020-02-28,67.49955749511719,1883.75,192.47000122070312,1339.3299560546875,369.0299987792969
2020-03-02,73.78380584716797,1953.949951171875,196.44000244140625,1389.1099853515625,381.04998779296875
2020-03-03,71.44048309326172,1908.989990234375,185.88999938964844,1341.3900146484375,368.7699890136719
2020-03-04,74.75421905517578,1975.8299560546875,191.75999450683594,1386.52001953125,383.7900085449219
2020-03-05,72.32941436767578,1924.030029296875,185.1699981689453,1319.0400390625,372.7799987792969
2020-03-06,71.36888122558594,1901.0899658203125,181.08999633789062,1298.4100341796875,368.9700012207031
2020-03-09,65.72415161132812,1800.6099853515625,169.5,1215.56005859375,346.489990234375
2020-03-10,70.45771789550781,1891.8199462890625,178.19000244140625,1280.3900146484375,364.1300048828125
2020-03-11,68.01068115234375,1820.8599853515625,170.24000549316406,1215.4100341796875,349.9200134277344
2020-03-12,61.294307708740234,1676.6099853515625,154.47000122070312,1114.9100341796875,315.25
2020-03-13,68.63787841796875,1785.0,170.27999877929688,1219.72998046875,336.29998779296875
2020-03-16,59.80781936645508,1689.1500244140625,146.00999450683594,1084.3299560546875,298.8399963378906
2020-03-17,62.43757629394531,1807.8399658203125,149.4199981689453,1119.800048828125,319.75
2020-03-18,60.90911102294922,1830.0,146.9600067138672,1096.800048828125,315.4700012207031
2020-03-19,60.44241714477539,1880.9300537109375,153.1300048828125,1115.2900390625,332.0299987792969
2020-03-20,56.60519790649414,1846.0899658203125,149.72999572753906,1072.3199462890625,332.8299865722656
2020-03-23,55.40266418457031,1902.8299560546875,148.10000610351562,1056.6199951171875,360.2699890136719
2020-03-24,60.96096420288086,1940.0999755859375,160.97999572753906,1134.4599609375,357.32000732421875
2020-03-25,60.625144958496094,1885.8399658203125,156.2100067138672,1102.489990234375,342.3900146484375
2020-03-26,63.8154296875,1955.489990234375,163.33999633789062,1161.75,362.989990234375
2020-03-27,61.17331314086914,1900.0999755859375,156.7899932861328,1110.7099609375,357.1199951171875
2020-03-30,62.9190788269043,1963.949951171875,165.9499969482422,1146.8199462890625,370.9599914550781
2020-03-31,62.790679931640625,1949.719970703125,166.8000030517578,1162.81005859375,375.5
2020-04-01,59.486820220947266,1907.699951171875,159.60000610351562,1105.6199951171875,364.0799865722656
2020-04-02,60.47945785522461,1918.8299560546875,158.19000244140625,1120.8399658203125,370.0799865722656
2020-04-03,59.61027908325195,1906.5899658203125,154.17999267578125,1097.8800048828125,361.760009765625
2020-04-06,64.81053161621094,1997.5899658203125,165.5500030517578,1186.9200439453125,379.9599914550781
2020-04-07,64.05987548828125,2011.5999755859375,168.8300018310547,1186.510009765625,372.2799987792969
2020-04-08,65.69947052001953,2043.0,174.27999877929688,1210.280029296875,371.1199951171875
2020-04-09,66.1735610961914,2042.760009765625,175.19000244140625,1211.449951171875,370.7200012207031
2020-04-13,67.4723892211914,2168.8701171875,174.7899932861328,1217.56005859375,396.7200012207031
2020-04-14,70.87995147705078,2283.320068359375,178.1699981689453,1269.22998046875,413.54998779296875
2020-04-15,70.23301696777344,2307.679931640625,176.97000122070312,1262.469970703125,426.75
2020-04-16,70.79106903076172,2408.18994140625,176.25,1263.469970703125,439.1700134277344
2020-04-17,69.83052825927734,2375.0,179.24000549316406,1283.25,422.9599914550781
2020-04-20,68.3810806274414,2393.610107421875,178.24000549316406,1266.6099853515625,437.489990234375
2020-04-21,66.26738739013672,2328.1201171875,170.8000030517578,1216.3399658203125,433.8299865722656
2020-04-22,68.17611694335938,2363.489990234375,182.27999877929688,1263.2099609375,421.4200134277344
2020-04-23,67.91191864013672,2399.449951171875,185.1300048828125,1276.31005859375,426.70001220703125
2020-04-24,69.87251281738281,2410.219970703125,190.07000732421875,1279.31005859375,424.989990234375
2020-04-27,69.92189025878906,2376.0,187.5,1275.8800048828125,421.3800048828125
2020-04-28,68.78849792480469,2314.080078125,182.91000366210938,1233.6700439453125,403.8299865722656
2020-04-29,71.04785919189453,2372.7099609375,194.19000244140625,1341.47998046875,411.8900146484375
2020-04-30,72.54670715332031,2474.0,204.7100067138672,1348.6600341796875,419.8500061035156
2020-05-01,71.37874603271484,2286.0400390625,202.27000427246094,1320.6099853515625,415.2699890136719
2020-05-04,72.388671875,2315.989990234375,205.25999450683594,1326.800048828125,428.1499938964844
2020-05-05,73.47515106201172,2317.800048828125,207.07000732421875,1351.1099853515625,424.67999267578125
2020-05-06,74.23320007324219,2351.260009765625,208.47000122070312,1347.300048828125,434.260009765625
2020-05-07,75.00114440917969,2367.610107421875,211.25999450683594,1372.56005859375,436.5299987792969
2020-05-08,76.78629302978516,2379.610107421875,212.35000610351562,1388.3699951171875,435.54998779296875
2020-05-11,77.99455261230469,2409.0,213.17999267578125,1403.260009765625,440.5199890136719
2020-05-12,77.10321807861328,2356.949951171875,210.10000610351562,1375.739990234375,431.82000732421875
2020-05-13,76.17225646972656,2367.919921875,205.10000610351562,1349.3299560546875,438.2699890136719
2020-05-14,76.64021301269531,2388.85009765625,206.80999755859375,1356.1300048828125,441.95001220703125
2020-05-15,76.18711853027344,2409.780029296875,210.8800048828125,1373.18994140625,454.19000244140625
2020-05-18,77.982177734375,2426.260009765625,213.19000244140625,1383.93994140625,452.5799865722656
2020-05-19,77.53156280517578,2449.330078125,216.8800048828125,1373.4849853515625,451.0400085449219
2020-05-20,79.0394058227539,2497.93994140625,229.97000122070312,1406.719970703125,447.6700134277344
2020-05-21,78.45013427734375,2446.739990234375,231.38999938964844,1402.800048828125,436.25
2020-05-22,78.9552230834961,2436.8798828125,234.91000366210938,1410.4200439453125,429.32000732421875
2020-05-26,78.42041778564453,2421.860107421875,232.1999969482422,1417.02001953125,414.7699890136719
2020-05-27,78.76209259033203,2410.389892578125,229.13999938964844,1417.8399658203125,419.8900146484375
2020-05-28,78.7967529296875,2401.10009765625,225.4600067138672,1416.72998046875,413.44000244140625
2020-05-29,78.72000122070312,2442.3701171875,225.08999633789062,1428.9200439453125,419.7300109863281
2020-06-01,79.68809509277344,2471.0400390625,231.91000366210938,1431.8199462890625,425.9200134277344
2020-06-02,80.05701446533203,2472.409912109375,232.72000122070312,1439.219970703125,427.30999755859375
2020-06-03,80.49772644042969,2478.39990234375,230.16000366210938,1436.3800048828125,421.9700012207031
2020-06-04,79.8044662475586,2460.60009765625,226.2899932861328,1412.1800537109375,414.3299865722656
2020-06-05,82.07737731933594,2483.0,230.77000427246094,1438.3900146484375,419.6000061035156
2020-06-08,82.56266021728516,2524.06005859375,231.39999389648438,1446.6099853515625,419.489990234375
2020-06-09,85.1698226928711,2600.860107421875,238.6699981689453,1456.1600341796875,434.04998779296875
2020-06-10,87.36103057861328,2647.449951171875,236.72999572753906,1465.8499755859375,434.4800109863281
2020-06-11,83.16679382324219,2557.9599609375,224.42999267578125,1403.8399658203125,425.55999755859375
2020-06-12,83.88481140136719,2545.02001953125,228.5800018310547,1413.1800537109375,418.07000732421875
2020-06-15,84.92223358154297,2572.679931640625,232.5,1419.8499755859375,425.5
2020-06-16,87.17285919189453,2615.27001953125,235.64999389648438,1442.719970703125,436.1300048828125
2020-06-17,87.05154418945312,2640.97998046875,235.52999877929688,1451.1199951171875,447.7699890136719
2020-06-18,87.0862045288086,2653.97998046875,235.94000244140625,1435.9599609375,449.8699951171875
2020-06-19,86.58853149414062,2675.010009765625,238.7899932861328,1431.719970703125,453.7200012207031
2020-06-22,88.85401916503906,2713.820068359375,239.22000122070312,1451.8599853515625,468.0400085449219
2020-06-23,90.75059509277344,2764.409912109375,242.24000549316406,1464.4100341796875,466.260009765625
2020-06-24,89.1486587524414,2734.39990234375,234.02000427246094,1431.969970703125,457.8500061035156
2020-06-25,90.33216094970703,2754.580078125,235.67999267578125,1441.3299560546875,465.9100036621094
2020-06-26,87.55663299560547,2692.8701171875,216.0800018310547,1359.9000244140625,443.3999938964844
2020-06-29,89.57452392578125,2680.3798828125,220.63999938964844,1394.969970703125,447.239990234375
2020-06-30,90.32225799560547,2758.820068359375,227.07000732421875,1413.6099853515625,455.0400085449219
2020-07-01,90.15142059326172,2878.699951171875,237.5500030517578,1438.0400390625,485.6400146484375
2020-07-02,90.15142059326172,2890.300048828125,233.4199981689453,1464.699951171875,476.8900146484375
2020-07-06,92.56297302246094,3057.0400390625,240.27999877929688,1495.699951171875,493.80999755859375
2020-07-07,92.27576446533203,3000.1201171875,240.86000061035156,1485.1800537109375,493.1600036621094
2020-07-08,94.42488098144531,3081.110107421875,243.5800018310547,1496.0,502.7799987792969
2020-07-09,94.83094024658203,3182.6298828125,244.5,1510.989990234375,507.760009765625
2020-07-10,94.99683380126953,3200.0,245.07000732421875,1541.739990234375,548.72998046875
2020-07-13,94.55859375,3104.0,239.0,1511.3399658203125,525.5
2020-07-14,96.12338256835938,3084.0,239.72999572753906,1520.5799560546875,524.8800048828125
2020-07-15,96.78446197509766,3008.8701171875,240.27999877929688,1513.6400146484375,523.260009765625
2020-07-16,95.59352111816406,2999.89990234375,240.92999267578125,1518.0,527.3900146484375
2020-07-17,95.40039825439453,2961.969970703125,242.02999877929688,1515.550048828125,492.989990234375
2020-07-20,97.41088104248047,3196.840087890625,245.4199981689453,1565.719970703125,502.4100036621094
2020-07-21,96.06643676757812,3138.2900390625,241.75,1558.4200439453125,490.1000061035156
2020-07-22,96.33631896972656,3099.909912109375,239.8699951171875,1568.489990234375,489.82000732421875
2020-07-23,91.95142364501953,2986.550048828125,232.60000610351562,1515.6800537109375,477.5799865722656
2020-07-24,91.72364044189453,3008.909912109375,230.7100067138672,1511.8699951171875,480.45001220703125
2020-07-27,93.89750671386719,3055.2099609375,233.5,1530.199951171875,495.6499938964844
2020-07-28,92.3550033569336,3000.330078125,230.1199951171875,1500.3399658203125,488.510009765625
2020-07-29,94.12528991699219,3033.530029296875,233.2899932861328,1522.02001953125,484.4800109863281
2020-07-30,95.26422882080078,3051.8798828125,234.5,1531.449951171875,485.79998779296875
2020-07-31,105.23731231689453,3164.679931640625,253.6699981689453,1482.9599609375,488.8800048828125
2020-08-03,107.8890380859375,3111.889892578125,251.9600067138672,1474.449951171875,498.6199951171875
2020-08-04,108.60953521728516,3138.830078125,249.8300018310547,1464.969970703125,509.6400146484375
2020-08-05,109.00321197509766,3205.030029296875,249.1199951171875,1473.6099853515625,502.1099853515625
2020-08-06,112.80625915527344,3225.0,265.2799987792969,1500.0999755859375,509.0799865722656
2020-08-07,110.24152374267578,3167.4599609375,268.44000244140625,1494.489990234375,494.7300109863281
2020-08-10,111.84386444091797,3148.159912109375,263.0,1496.0999755859375,483.3800048828125
2020-08-11,108.51763153076172,3080.669921875,256.1300048828125,1480.3199462890625,466.92999267578125
2020-08-12,112.1241455078125,3162.239990234375,259.8900146484375,1506.6199951171875,475.4700012207031
2020-08-13,114.10846710205078,3161.02001953125,261.29998779296875,1518.449951171875,481.3299865722656
2020-08-14,114.00677490234375,3148.02001953125,261.239990234375,1507.72998046875,482.67999267578125
2020-08-17,113.70911407470703,3182.409912109375,261.1600036621094,1517.97998046875,482.3500061035156
2020-08-18,114.6566390991211,3312.489990234375,262.3399963378906,1558.5999755859375,491.8699951171875
2020-08-19,114.80049896240234,3260.47998046875,262.5899963378906,1547.530029296875,484.5299987792969
2020-08-20,117.3478775024414,3297.3701171875,269.010009765625,1581.75,497.8999938964844
2020-08-21,123.39509582519531,3284.719970703125,267.010009765625,1580.4200439453125,492.30999755859375
2020-08-24,124.87093353271484,3307.4599609375,271.3900146484375,1588.199951171875,488.80999755859375
2020-08-25,123.8465347290039,3346.489990234375,280.82000732421875,1608.219970703125,490.5799865722656
2020-08-26,125.53072357177734,3441.85009765625,303.9100036621094,1652.3800048828125,547.530029296875
2020-08-27,124.03008270263672,3400.0,293.2200012207031,1634.3299560546875,526.27001953125
2020-08-28,123.82917022705078,3401.800048828125,293.6600036621094,1644.4100341796875,523.8900146484375
2020-08-31,128.0284881591797,3450.9599609375,293.20001220703125,1634.1800537109375,529.5599975585938
2020-09-01,133.12820434570312,3499.1201171875,295.44000244140625,1660.7099609375,556.5499877929688
2020-09-02,130.36997985839844,3531.449951171875,302.5,1728.280029296875,552.8400268554688
2020-09-03,119.93244934082031,3368.0,291.1199951171875,1641.8399658203125,525.75
2020-09-04,120.01182556152344,3294.6201171875,282.7300109863281,1591.0400390625,516.0499877929688
2020-09-08,111.93563079833984,3149.840087890625,271.1600036621094,1532.3900146484375,507.0199890136719
2020-09-09,116.40035247802734,3268.610107421875,273.7200012207031,1556.9599609375,500.19000244140625
2020-09-10,112.60037994384766,3175.110107421875,268.0899963378906,1532.02001953125,480.6700134277344
2020-09-11,111.12206268310547,3116.219970703125,266.6099853515625,1520.719970703125,482.0299987792969
2020-09-14,114.45571899414062,3102.969970703125,266.1499938964844,1519.280029296875,476.260009765625
2020-09-15,114.63431549072266,3156.1298828125,272.4200134277344,1541.43994140625,495.989990234375
2020-09-16,111.25103759765625,3078.10009765625,263.5199890136719,1520.9000244140625,483.8599853515625
2020-09-17,109.4750747680664,3008.72998046875,254.82000732421875,1495.530029296875,470.20001220703125
2020-09-18,106.00250244140625,2954.909912109375,252.52999877929688,1459.989990234375,469.9599914550781
2020-09-21,109.21710968017578,2960.469970703125,248.14999389648438,1431.1600341796875,487.3500061035156
2020-09-22,110.93354034423828,3128.989990234375,254.75,1465.4599609375,491.1700134277344
2020-09-23,106.28031921386719,2999.860107421875,249.02000427246094,1415.2099609375,470.6099853515625
2020-09-24,107.37169647216797,3019.7900390625,249.52999877929688,1428.2900390625,473.0799865722656
2020-09-25,111.39985656738281,3095.1298828125,254.82000732421875,1444.9599609375,482.8800048828125
2020-09-28,114.05884552001953,3174.050048828125,256.82000732421875,1464.52001953125,490.6499938964844
2020-09-29,113.19567108154297,3144.8798828125,261.7900085449219,1469.3299560546875,493.4800109863281
2020-09-30,114.9021987915039,3148.72998046875,261.8999938964844,1469.5999755859375,500.0299987792969
2020-10-01,115.87451171875,3221.260009765625,266.6300048828125,1490.0899658203125,527.510009765625
2020-10-02,112.13406372070312,3125.0,259.94000244140625,1458.4200439453125,503.05999755859375
2020-10-05,115.58678436279297,3199.199951171875,264.6499938964844,1486.02001953125,520.6500244140625
2020-10-06,112.2729721069336,3099.9599609375,258.6600036621094,1453.43994140625,505.8699951171875
2020-10-07,114.17791748046875,3195.68994140625,258.1199951171875,1460.2900390625,534.6599731445312
2020-10-08,114.06877899169922,3190.550048828125,263.760009765625,1485.9300537109375,531.7899780273438
2020-10-09,116.0531005859375,3286.64990234375,264.45001220703125,1515.219970703125,539.4400024414062
2020-10-12,123.42486572265625,3442.929931640625,275.75,1569.1500244140625,539.8099975585938
2020-10-13,120.15071868896484,3443.6298828125,276.1400146484375,1571.6800537109375,554.0900268554688
2020-10-14,120.24002838134766,3363.7099609375,271.82000732421875,1568.0799560546875,541.4500122070312
2020-10-15,119.76377868652344,3338.64990234375,266.7200012207031,1559.1300048828125,541.9400024414062
2020-10-16,118.08702850341797,3272.7099609375,265.92999267578125,1573.010009765625,530.7899780273438
2020-10-19,115.07086181640625,3207.2099609375,261.3999938964844,1534.6099853515625,530.719970703125
2020-10-20,116.58887481689453,3217.010009765625,267.55999755859375,1555.9300537109375,525.4199829101562
2020-10-21,115.95389556884766,3184.93994140625,278.7300109863281,1593.31005859375,489.04998779296875
2020-10-22,114.84265899658203,3176.39990234375,278.1199951171875,1615.3299560546875,485.2300109863281
2020-10-23,114.13823699951172,3204.39990234375,284.7900085449219,1641.0,488.2799987792969
2020-10-26,114.14815521240234,3207.0400390625,277.1099853515625,1590.449951171875,488.239990234375
2020-10-27,115.68600463867188,3286.330078125,283.2900085449219,1604.260009765625,488.92999267578125
2020-10-28,110.32833099365234,3162.780029296875,267.6700134277344,1516.6199951171875,486.239990234375
2020-10-29,114.4160385131836,3211.010009765625,280.8299865722656,1567.239990234375,504.2099914550781
2020-10-30,108.00667572021484,3036.14990234375,263.1099853515625,1621.010009765625,475.739990234375
2020-11-02,107.9173812866211,3004.47998046875,261.3599853515625,1626.030029296875,484.1199951171875
2020-11-03,109.57428741455078,3048.409912109375,265.29998779296875,1650.2099609375,487.2200012207031
2020-11-04,114.04893493652344,3241.159912109375,287.3800048828125,1749.1300048828125,496.95001220703125
2020-11-05,118.09695434570312,3322.0,294.67999267578125,1763.3699951171875,513.760009765625
2020-11-06,117.9627914428711,3311.3701171875,293.4100036621094,1761.75,514.72998046875
2020-11-09,115.60730743408203,3143.739990234375,278.7699890136719,1763.0,470.5
2020-11-10,115.25945281982422,3035.02001953125,272.42999267578125,1740.3900146484375,480.239990234375
2020-11-11,118.75787353515625,3137.389892578125,276.4800109863281,1752.7099609375,490.760009765625
2020-11-12,118.47959899902344,3110.280029296875,275.0799865722656,1749.8399658203125,486.7699890136719
2020-11-13,118.52928924560547,3128.81005859375,276.95001220703125,1777.02001953125,482.8399963378906
2020-11-16,119.56291961669922,3131.06005859375,278.9599914550781,1781.3800048828125,479.1000061035156
2020-11-17,118.65849304199219,3135.659912109375,275.0,1770.1500244140625,480.6300048828125
2020-11-18,117.30683135986328,3105.4599609375,271.9700012207031,1746.780029296875,481.7900085449219
2020-11-19,117.91309356689453,3117.02001953125,272.94000244140625,1763.9200439453125,484.6700134277344
2020-11-20,116.62105560302734,3099.39990234375,269.70001220703125,1742.18994140625,488.239990234375
2020-11-23,113.1524429321289,3098.389892578125,268.42999267578125,1734.8599853515625,476.6199951171875
2020-11-24,114.46435546875,3118.06005859375,276.9200134277344,1768.8800048828125,482.8800048828125
2020-11-25,115.31908416748047,3185.070068359375,275.5899963378906,1771.4300537109375,485.0
2020-11-27,115.87564849853516,3195.340087890625,277.80999755859375,1793.18994140625,491.3599853515625
2020-11-30,118.3205795288086,3168.0400390625,276.9700012207031,1760.739990234375,490.70001220703125
2020-12-01,121.96809387207031,3220.080078125,286.54998779296875,1798.0999755859375,504.5799865722656
2020-12-02,122.32588958740234,3203.530029296875,287.5199890136719,1827.949951171875,503.3800048828125
2020-12-03,122.1867446899414,3186.72998046875,281.8500061035156,1826.77001953125,497.5199890136719
2020-12-04,121.50098419189453,3162.580078125,279.70001220703125,1827.989990234375,498.30999755859375
2020-12-07,122.99178314208984,3158.0,285.5799865722656,1819.47998046875,515.780029296875
2020-12-08,123.61792755126953,3177.2900390625,283.3999938964844,1818.550048828125,512.6599731445312
2020-12-09,121.03385162353516,3104.199951171875,277.9200134277344,1784.1300048828125,493.6000061035156
2020-12-10,122.48490142822266,3101.489990234375,277.1199951171875,1775.3299560546875,501.0899963378906
2020-12-11,121.65999603271484,3116.419921875,273.54998779296875,1781.77001953125,503.2200012207031
2020-12-14,121.03385162353516,3156.969970703125,274.19000244140625,1760.06005859375,522.4199829101562
2020-12-15,127.09646606445312,3165.1201171875,275.54998779296875,1767.77001953125,519.780029296875
2020-12-16,127.02690124511719,3240.9599609375,275.6700134277344,1763.0,524.8300170898438
2020-12-17,127.91144561767578,3236.080078125,274.4800109863281,1747.9000244140625,532.9000244140625
2020-12-18,125.88395690917969,3201.64990234375,276.3999938964844,1731.010009765625,534.4500122070312
2020-12-21,127.44432830810547,3206.179931640625,272.7900085449219,1739.3699951171875,528.9099731445312
2020-12-22,131.07196044921875,3206.52001953125,267.0899963378906,1723.5,527.3300170898438
2020-12-23,130.15760803222656,3185.27001953125,268.1099853515625,1732.3800048828125,514.47998046875
2020-12-24,131.16140747070312,3172.68994140625,267.3999938964844,1738.8499755859375,513.969970703125
2020-12-28,135.8524932861328,3283.9599609375,277.0,1776.0899658203125,519.1199951171875
2020-12-29,134.04364013671875,3322.0,276.7799987792969,1758.719970703125,530.8699951171875
2020-12-30,132.9006805419922,3285.85009765625,271.8699951171875,1739.52001953125,524.5900268554688
2020-12-31,131.8769989013672,3256.929931640625,273.1600036621094,1751.8800048828125,540.72998046875
2021-01-04,128.6171112060547,3186.6298828125,268.94000244140625,1728.239990234375,522.8599853515625
2021-01-05,130.20729064941406,3218.510009765625,270.9700012207031,1740.9200439453125,520.7999877929688
2021-01-06,125.82432556152344,3138.3798828125,263.30999755859375,1735.2900390625,500.489990234375
2021-01-07,130.11785888671875,3162.159912109375,268.739990234375,1787.25,508.8900146484375
2021-01-08,131.2409210205078,3182.699951171875,267.57000732421875,1807.2099609375,510.3999938964844
2021-01-11,128.1897430419922,3114.2099609375,256.8399963378906,1766.719970703125,499.1000061035156
2021-01-12,128.01083374023438,3120.830078125,251.08999633789062,1746.550048828125,494.25
2021-01-13,130.08802795410156,3165.889892578125,251.63999938964844,1754.4000244140625,507.7900085449219
2021-01-14,128.1201934814453,3127.469970703125,245.63999938964844,1740.1800537109375,500.8599853515625
2021-01-15,126.36100769042969,3104.25,251.36000061035156,1736.18994140625,497.9800109863281
2021-01-19,127.04678344726562,3120.760009765625,261.1000061035156,1790.8599853515625,501.7699890136719
2021-01-20,131.22105407714844,3263.3798828125,267.4800109863281,1886.9000244140625,586.3400268554688
2021-01-21,136.03138732910156,3306.989990234375,272.8699951171875,1891.25,579.8400268554688
2021-01-22,138.21792602539062,3292.22998046875,274.5,1901.050048828125,565.1699829101562
2021-01-25,142.04432678222656,3294.0,278.010009765625,1899.4000244140625,556.780029296875
2021-01-26,142.28286743164062,3326.1298828125,282.04998779296875,1917.239990234375,561.9299926757812
2021-01-27,141.18960571289062,3232.580078125,272.1400146484375,1830.7900390625,523.280029296875
2021-01-28,136.2500457763672,3237.6201171875,265.0,1863.1099853515625,538.5999755859375
2021-01-29,131.15147399902344,3206.199951171875,258.3299865722656,1835.739990234375,532.3900146484375
2021-02-01,133.31809997558594,3342.8798828125,262.010009765625,1901.3499755859375,539.0399780273438
2021-02-02,134.1629180908203,3380.0,267.0799865722656,1927.510009765625,548.1599731445312
2021-02-03,133.11936950683594,3312.530029296875,266.6499938964844,2070.070068359375,539.4500122070312
2021-02-04,136.5482177734375,3331.0,266.489990234375,2062.3701171875,552.1599731445312
2021-02-05,136.1251678466797,3352.14990234375,268.1000061035156,2098.0,550.7899780273438
2021-02-08,136.2744903564453,3322.93994140625,266.5799865722656,2092.909912109375,547.9199829101562
2021-02-09,135.37864685058594,3305.0,269.45001220703125,2083.510009765625,559.0700073242188
2021-02-10,134.7615203857422,3286.580078125,271.8699951171875,2095.3798828125,563.5900268554688
2021-02-11,134.50274658203125,3262.1298828125,270.3900146484375,2095.889892578125,557.5900268554688
2021-02-12,134.74160766601562,3277.7099609375,270.5,2104.110107421875,556.52001953125
2021-02-16,132.57176208496094,3268.949951171875,273.9700012207031,2121.89990234375,557.280029296875
2021-02-17,130.232666015625,3308.639892578125,273.57000732421875,2128.31005859375,551.3400268554688
2021-02-18,129.10789489746094,3328.22998046875,269.3900146484375,2117.199951171875,548.219970703125
2021-02-19,129.2671661376953,3249.89990234375,261.55999755859375,2101.139892578125,540.219970703125
2021-02-22,125.41513061523438,3180.739990234375,260.3299865722656,2064.8798828125,533.780029296875
2021-02-23,125.27577209472656,3194.5,265.8599853515625,2070.860107421875,546.1500244140625
2021-02-24,124.76814270019531,3159.530029296875,264.30999755859375,2095.169921875,553.4099731445312
2021-02-25,120.42838287353516,3057.159912109375,254.69000244140625,2031.3599853515625,546.7000122070312
2021-02-26,120.69712829589844,3092.929931640625,257.6199951171875,2036.8599853515625,538.8499755859375
2021-03-01,127.19682312011719,3146.139892578125,264.9100036621094,2081.510009765625,550.6400146484375
2021-03-02,124.5392074584961,3094.530029296875,259.0,2075.840087890625,547.8200073242188
2021-03-03,121.493408203125,3005.0,255.41000366210938,2026.7099609375,520.7000122070312
2021-03-04,119.5723648071289,2977.570068359375,257.6400146484375,2049.090087890625,511.2900085449219
2021-03-05,120.85638427734375,3000.4599609375,264.2799987792969,2108.5400390625,516.3900146484375
2021-03-08,115.81986999511719,2951.949951171875,255.30999755859375,2024.1700439453125,493.3299865722656
2021-03-09,120.52791595458984,3062.85009765625,265.739990234375,2052.699951171875,506.44000244140625
2021-03-10,119.42308044433594,3057.639892578125,264.8999938964844,2055.030029296875,504.5400085449219
2021-03-11,121.39387512207031,3113.590087890625,273.8800048828125,2114.77001953125,523.0599975585938
2021-03-12,120.46819305419922,3089.489990234375,268.3999938964844,2061.919921875,518.02001953125
2021-03-15,123.41445922851562,3081.679931640625,273.75,2066.489990234375,520.25
2021-03-16,124.98712158203125,3091.860107421875,279.2799987792969,2092.52001953125,524.030029296875
2021-03-17,124.1808853149414,3135.72998046875,284.010009765625,2091.080078125,524.4400024414062
2021-03-18,119.97051239013672,3027.989990234375,278.6199951171875,2036.219970703125,504.7900085449219
2021-03-19,119.43302154541016,3074.9599609375,290.1099853515625,2043.199951171875,512.1799926757812
2021-03-22,122.81724548339844,3110.8701171875,293.5400085449219,2038.5899658203125,523.1099853515625
2021-03-23,121.97119140625,3137.5,290.6300048828125,2052.9599609375,535.0900268554688
2021-03-24,119.53255462646484,3087.070068359375,282.1400146484375,2045.06005859375,520.8099975585938
2021-03-25,120.03023529052734,3046.260009765625,278.739990234375,2044.3599853515625,502.8599853515625
2021-03-26,120.6473617553711,3052.030029296875,283.0199890136719,2035.550048828125,508.04998779296875
2021-03-29,120.82652282714844,3075.72998046875,290.82000732421875,2055.949951171875,513.9500122070312
2021-03-30,119.34343719482422,3055.2900390625,288.0,2055.5400390625,513.3900146484375
2021-03-31,121.58300018310547,3094.080078125,294.5299987792969,2068.6298828125,521.6599731445312
2021-04-01,122.42904663085938,3161.0,298.6600036621094,2137.75,539.4199829101562
2021-04-05,125.31559753417969,3226.72998046875,308.9100036621094,2225.550048828125,540.6699829101562
2021-04-06,125.62415313720703,3223.820068359375,306.260009765625,2224.75,544.530029296875
2021-04-07,127.30630493164062,3279.389892578125,313.0899963378906,2249.679931640625,546.989990234375
2021-04-08,129.7548828125,3299.300048828125,313.0199890136719,2265.43994140625,554.5800170898438
2021-04-09,132.38262939453125,3372.199951171875,312.4599914550781,2285.8798828125,555.3099975585938
2021-04-12,130.6308135986328,3379.389892578125,311.5400085449219,2254.7900390625,552.780029296875
2021-04-13,133.8059844970703,3400.0,309.760009765625,2267.27001953125,553.72998046875
2021-04-14,131.41712951660156,3333.0,302.82000732421875,2254.840087890625,540.02001953125
2021-04-15,133.87567138671875,3379.090087890625,307.82000732421875,2296.659912109375,549.219970703125
2021-04-16,133.53726196289062,3399.43994140625,306.17999267578125,2297.760009765625,546.5399780273438
2021-04-19,134.21408081054688,3372.010009765625,302.239990234375,2302.39990234375,554.4400024414062
2021-04-20,132.49212646484375,3334.68994140625,302.6499938964844,2293.6298828125,549.5700073242188
2021-04-21,132.8802947998047,3362.02001953125,301.4700012207031,2293.2900390625,508.8999938964844
2021-04-22,131.3275604248047,3309.0400390625,296.5199890136719,2267.919921875,508.7799987792969
2021-04-23,133.69650268554688,3340.8798828125,301.1300048828125,2315.300048828125,505.54998779296875
2021-04-26,134.0946502685547,3409.0,303.0400085449219,2326.739990234375,510.29998779296875
2021-04-27,133.76617431640625,3417.429931640625,303.57000732421875,2307.1201171875,505.54998779296875
2021-04-28,132.95994567871094,3458.5,307.1000061035156,2379.909912109375,506.5199890136719
2021-04-29,132.8603973388672,3471.31005859375,329.510009765625,2429.889892578125,509.0
2021-04-30,130.84979248046875,3467.419921875,325.0799865722656,2410.1201171875,513.469970703125
2021-05-03,131.9247589111328,3386.489990234375,322.5799865722656,2395.169921875,509.1099853515625
2021-05-04,127.25653839111328,3311.8701171875,318.3599853515625,2354.25,503.17999267578125
2021-05-05,127.50538635253906,3270.5400390625,315.0199890136719,2356.739990234375,496.0799865722656
2021-05-06,129.13775634765625,3306.3701171875,320.0199890136719,2381.35009765625,499.54998779296875
2021-05-07,129.82574462890625,3291.610107421875,319.0799865722656,2398.68994140625,503.8399963378906
2021-05-10,126.47563934326172,3190.489990234375,305.9700012207031,2341.659912109375,486.69000244140625
2021-05-11,125.53842163085938,3223.909912109375,306.5299987792969,2308.760009765625,495.0799865722656
2021-05-12,122.40768432617188,3151.93994140625,302.54998779296875,2239.080078125,484.9800109863281
2021-05-13,124.60118865966797,3161.469970703125,305.260009765625,2261.969970703125,486.6600036621094
2021-05-14,127.07386779785156,3222.89990234375,315.94000244140625,2316.159912109375,493.3699951171875
2021-05-17,125.89735412597656,3270.389892578125,315.4599914550781,2321.409912109375,488.94000244140625
2021-05-18,124.4815444946289,3232.280029296875,309.9599914550781,2303.429931640625,486.2799987792969
2021-05-19,124.322021484375,3231.800048828125,313.5899963378906,2308.7099609375,487.70001220703125
2021-05-20,126.93428039550781,3247.679931640625,318.6099853515625,2356.090087890625,501.6700134277344
2021-05-21,125.0598373413086,3203.080078125,316.2300109863281,2345.10009765625,497.8900146484375
2021-05-24,126.72489929199219,3244.989990234375,324.6300048828125,2406.669921875,502.8999938964844
2021-05-25,126.52549743652344,3259.050048828125,327.7900085449219,2409.070068359375,501.3399963378906
2021-05-26,126.47563934326172,3265.159912109375,327.6600036621094,2433.530029296875,502.3599853515625
2021-05-27,124.91027069091797,3230.110107421875,332.75,2402.510009765625,503.8599853515625
2021-05-28,124.24225616455078,3223.070068359375,328.7300109863281,2411.56005859375,502.80999755859375
2021-06-01,123.91322326660156,3218.64990234375,329.1300048828125,2429.81005859375,499.0799865722656
2021-06-02,124.69091796875,3233.989990234375,329.1499938964844,2421.280029296875,499.239990234375
2021-06-03,123.1754150390625,3187.010009765625,326.0400085449219,2404.610107421875,489.42999267578125
2021-06-04,125.51847839355469,3206.219970703125,330.3500061035156,2451.760009765625,494.739990234375
2021-06-07,125.52845001220703,3198.010009765625,336.5799865722656,2466.090087890625,494.6600036621094
2021-06-08,126.365966796875,3264.110107421875,333.67999267578125,2482.85009765625,492.3900146484375
2021-06-09,126.75482177734375,3281.14990234375,330.25,2491.39990234375,485.80999755859375
2021-06-10,125.73783111572266,3349.64990234375,332.4599914550781,2521.60009765625,487.2699890136719
2021-06-11,126.97416687011719,3346.830078125,331.260009765625,2513.929931640625,488.7699890136719
2021-06-14,130.0949249267578,3383.8701171875,336.7699890136719,2527.0400390625,499.8900146484375
2021-06-15,129.25741577148438,3383.1298828125,336.75,2520.659912109375,491.8999938964844
2021-06-16,129.76589965820312,3415.25,331.0799865722656,2513.929931640625,492.4100036621094
2021-06-17,131.40106201171875,3489.239990234375,336.510009765625,2527.419921875,498.3399963378906
2021-06-18,130.0749969482422,3486.89990234375,329.6600036621094,2511.35009765625,500.7699890136719
2021-06-21,131.90956115722656,3453.9599609375,332.2900085449219,2529.10009765625,497.0
2021-06-22,133.5845947265625,3505.43994140625,339.0299987792969,2539.989990234375,508.82000732421875
2021-06-23,133.30543518066406,3503.820068359375,340.5899963378906,2529.22998046875,512.739990234375
2021-06-24,133.0162811279297,3449.080078125,343.17999267578125,2545.639892578125,518.0599975585938
2021-06-25,132.71717834472656,3401.4599609375,341.3699951171875,2539.89990234375,527.0700073242188
2021-06-28,134.3822479248047,3443.889892578125,355.6400146484375,2536.389892578125,533.030029296875
2021-06-29,135.92767333984375,3448.139892578125,351.8900146484375,2520.3701171875,533.5
2021-06-30,136.55581665039062,3440.159912109375,347.7099914550781,2506.320068359375,528.2100219726562
2021-07-01,136.86489868164062,3432.969970703125,354.3900146484375,2527.3701171875,533.5399780273438
2021-07-02,139.54696655273438,3510.97998046875,354.70001220703125,2574.3798828125,533.97998046875
2021-07-06,141.6008758544922,3675.739990234375,352.7799987792969,2595.419921875,541.6400146484375
2021-07-07,144.1433563232422,3696.580078125,350.489990234375,2601.550048828125,535.9600219726562
2021-07-08,142.81727600097656,3731.409912109375,345.6499938964844,2583.5400390625,530.760009765625
2021-07-09,144.6817626953125,3719.340087890625,350.4200134277344,2591.489990234375,535.97998046875
2021-07-12,144.0735626220703,3718.550048828125,353.1600036621094,2611.280029296875,537.3099975585938
2021-07-13,145.21018981933594,3677.360107421875,352.0899963378906,2619.889892578125,540.6799926757812
2021-07-14,148.70982360839844,3681.679931640625,347.6300048828125,2641.64990234375,547.9500122070312
2021-07-15,148.04180908203125,3631.199951171875,344.4599914550781,2625.330078125,542.9500122070312
2021-07-16,145.95797729492188,3573.6298828125,341.1600036621094,2636.909912109375,530.3099975585938
2021-07-19,142.02960205078125,3549.590087890625,336.95001220703125,2585.080078125,532.280029296875
2021-07-20,145.7186737060547,3573.18994140625,341.6600036621094,2622.030029296875,531.0499877929688
2021-07-21,144.9709014892578,3585.199951171875,346.2300109863281,2652.010009765625,513.6300048828125
